2499
59444
-13664
-41730
-24515
15622
44015
50633
-18799
-6568
-58476
-27879
28674
-13466
-3022
57384
-34079
16427
-49887
27342
-27071
-49740
45794
58678
-45697
-5756
34016
43109
-44474
-59492
-5567
44201
-37109
64065
-37889
43061
-9699
34589
-4832
-25282
47789
-39413
-28798
5237
-59713
3316
-59128
-15774
-48120
-35832
46484
-56389
35667
62561
16960
43999
43261
-53119
-29773
7304
-34796
33811
-49119
60076
-39650
30360
43962
-8061
-31936
16206
-59882
59626
32187
-52030
-10927
14229
-46532
12086
-47221
-16936
44269
-21407
16597
-27960
-56411
52892
-58303
2402
55297
29141
-26701
21700
-11165
-18528
-6941
-47403
-22193
-63975
58506
-16401
