-53929 14855 33961 44661 -33360 42780 -44433 -7865 -11350 55317 30675 -27574 -37201 -45342 -13465 15566 61376 -16664 30282 -56975 -3694 57840 18360 31226 -26476 -64016 27362 -27499 28705 17067 -41957 60280 -7123 15805 36212 -51386 47654 -22731 22639 -4255 -41490 -5964 -21661 -636 -12202 33304 7620 -62718 -59255 5714 40878 39932 -32444 -64629 42520 -44223 64802 -2710 -22393 -11575 -46717 -25259 -19254 -54538
-13725 -64745 10961 14596 43212 32212 19509 46509 -22049 23983 -22198 22573 -61526 -16667 21104 62091 42284 24511 -36370 -19829 -29997 36335 -12907 46767 -47764 1379 5381 -65254 -11639 -14834 19243 23194 39391 61698 56966 -20185 -30597 -26240 -4377 -33683 16610 -61869 64499 2739 -36965 -3383 44041 31235 36819 32488 -695 11655 -51283 -45255 28457 50341 -23885 -30665 44395 -64930 1247 -20893 -61628 -20140
28747 -20623 -37304 39567 37211 -51134 39136 -8310 -30527 -15537 6333 15566 63794 -54319 64506 3667 -20 3051 47705 -63385 -34882 27432 55062 -39258 -58187 46527 13630 32416 -13904 -13334 -46477 16133 38219 23141 5688 -58133 51583 -53763 -17423 -19910 44161 50029 17009 29840 -13418 -18117 31014 -15729 61024 57667 14365 -64774 -43696 51696 -8625 15647 5967 16837 -3333 58932 -17652 56241 24544 -4754
-60395 -49752 47893 61996 -44339 46078 1148 53575 -46989 48110 26235 46749 -14986 10207 -13970 -32314 -33937 -10759 40891 54143 51278 -36405 30325 -46419 -35020 16310 -54357 -11945 -5168 40548 -29418 -10208 -64071 25630 55481 -4065 -30249 61273 -27552 56997 -49310 -57525 57402 57722 1502 -40005 44300 1420 27680 -22428 -17955 8486 36995 -41162 55419 10524 46270 -13020 43082 8669 13770 58378 -8456 -49112
-15792 56439 26949 -31089 -60815 51442 -37756 -3880 27404 -46917 -9373 35476 44322 62318 39874 -4912 -48467 -46312 -54464 -15470 59316 -48536 -30164 -44644 33912 15651 48698 10137 44653 59230 -50060 31976 -18857 47071 37994 -49941 7581 -47163 -26661 -37974 -10668 -42766 45665 -31979 -47314 14946 27590 43659 37578 -13787 61466 -57929 -2533 108 45010 22637 63142 -30048 6461 -9447 38635 14691 -37391 7221
-29699 -39924 11528 40791 -10497 36362 -54516 37721 64423 54524 -34276 65002 20150 47084 -42765 -44202 -54858 51457 34917 38380 65193 10743 -17150 -32213 61568 6864 -37076 -53966 -3 -33370 33682 23521 -21737 -32714 -57622 -27369 23974 -61219 8051 -52084 -56414 -55430 15491 -24444 64038 14457 -11202 22292 -48735 19940 -3876 22103 6980 -49498 -26801 45011 36692 13832 6418 64007 -14052 19038 -63542 -40055
-38419 38339 -65208 -51880 -41460 -42273 39566 51522 -23847 9729 -25028 -17413 -36141 1604 -61653 46822 18347 -24415 37888 -45714 4036 -62939 -11524 -58477 -33150 54317 -9190 58770 32275 -55286 56523 41213 44205 53504 -41902 -61111 -44788 50513 8751 11556 14953 -1120 -20918 -35297 34173 19782 8243 15686 -4592 -13754 -22057 24319 33018 -54494 -9558 26443 -510 13370 48874 28277 61077 -56928 -46898 26075
35627 -61732 51785 7979 -60826 23676 18682 -64821 -3803 -48255 22616 -33224 -33564 52985 -8462 39466 -3024 25988 15583 59986 -26554 -26786 -15715 3173 -14462 52260 26580 -33154 59112 44976 23853 40629 34590 -24578 -15233 -15510 61903 43305 -44199 3785 24453 -1192 -45210 31631 7174 33311 -35607 46087 5266 14364 64289 -20779 13361 53705 -28828 26552 4851 41254 -16269 -61625 -15558 33850 36592 42611
-56816 -49789 51509 27638 51073 39339 29576 -18849 54891 30267 -57954 11199 -46897 -52686 -35013 37245 -24532 -58638 59543 -44570 -38437 -4727 -64107 22002 16415 -34161 -4600 -48600 -55409 -31439 -10332 23275 -47382 10866 -37885 -24089 -46001 -29201 -13537 -57410 -33837 -25792 -14088 -9088 18501 -47177 64884 37109 -2630 -1552 39563 -1653 26252 55169 11983 -37366 -8991 -21886 -49814 5236 -10837 45539 34960 -30174
-324 -34432 -63181 2090 36077 47513 54637 -20617 20653 22203 25016 52465 2305 -63637 26649 -44903 -45616 -39625 11488 -18710 1578 1949 -11760 -29665 -39238 -16894 -35400 -44478 -63958 26790 -41264 16933 59519 -4396 27514 4707 35218 -31066 -47823 -58485 -52911 -61058 -36577 -53647 -48768 -38590 10287 8521 2397 -45414 -30269 24220 -3902 -5060 -51781 29391 -20877 22920 3050 44635 30924 48584 -12244 50736
-40599 -38855 41168 -23477 -61866 -39258 -4779 49528 41563 -7495 43564 -41372 15913 -21383 -46655 -36839 34187 36762 44985 33613 38247 -44910 42816 46626 -28522 48134 6624 -50653 -5907 -37183 -36993 -36467 58057 19725 -20120 55165 -10176 43433 49038 -54119 28554 -45838 12377 -54515 -31926 -48915 -27241 -17911 -26711 54061 -59665 6999 -7491 -26424 41639 -726 -61827 -54701 43468 48118 -61713 30660 -19088 -25943
15376 -58220 29926 -62674 -5827 -17227 -24020 37859 37651 37584 22612 -45353 -30094 4648 53552 -16617 -40358 -50748 16749 -65523 -40070 64549 -11269 13538 -65270 -1443 -61376 -23176 -30740 -51239 -31433 39911 -29036 -461 22190 24649 14889 -23683 34363 -56250 -51954 42937 -45721 -40015 21578 -1725 -22749 1153 -49442 -19632 30676 -25401 -60711 38754 50428 29326 -50497 -34403 21146 26023 -14523 -44411 20792 -1467
-48205 -12269 33970 -21917 -17486 1162 10139 -31445 -55725 26354 -48758 54640 -17452 -19901 -13720 49920 -54429 -33277 -33301 43841 23847 -5000 65504 29054 62103 -36760 -14381 -47354 16522 29403 30679 -64529 -20959 -53811 47474 -3859 -63031 -60576 19717 12551 -43622 -18530 28433 -2043 38882 -24239 51975 -58161 -8580 -24652 -53248 54909 35828 11299 -44266 61368 23451 -39172 11512 -64698 -62414 -63240 -15706 18566
64441 -48500 -45448 28693 38057 61826 -61340 2775 -3123 11158 16049 5448 -46857 -31473 14059 -42310 -14590 19831 22181 -27711 -11525 14204 25377 50548 46584 21342 -56393 32323 14857 64999 59437 -21984 -52347 13189 40775 -7094 -21913 11965 -45929 36205 -45904 33207 7467 33441 57797 -11740 870 -22130 -59075 -23440 -59456 43621 -6960 44942 -63244 37767 57968 14562 -34890 37881 16166 42052 33930 -41070
25564 28956 -16108 53809 -10263 36382 7262 -17259 -58240 24540 15604 48684 -49101 -48239 -2666 -46214 6796 -681 -60833 33202 -51062 -41849 -31241 -57701 43921 53590 -26001 717 -52270 -59961 47977 11804 -11102 50420 24877 -1271 2369 3273 60417 44845 -64522 41100 50629 1876 -28969 51437 56150 -23024 -28803 -48296 -29739 9556 -21111 -27712 -26315 44624 -3059 48289 23652 -13911 40017 9761 56345 57615
-28352 -16043 -1613 -34044 -7714 -1285 -39585 52835 -29116 -61918 39008 -9311 -8028 11314 -31868 -11381 50009 41560 11643 20859 -43986 16243 -15778 -59803 11548 9656 -19762 -55998 59863 41538 18358 52874 33432 48110 -59076 -64087 -6185 24731 34989 45487 -40481 52498 -578 -32581 -60292 -26852 37583 -50499 381 7731 55385 -42845 -38198 -3225 -19094 12966 750 35032 -52930 -24651 -47645 46429 10299 46137
-52363 -48231 8255 13915 -34114 -42196 -50531 -21710 -53194 -77 11413 -30426 -16616 47022 4382 6649 19945 -64978 -1829 31187 -29123 44702 -9707 14131 -29183 -3955 -23851 -48544 -36390 -38731 -14845 -46348 19088 -57947 -22445 -43414 -15952 -40638 55201 36760 61304 10569 33318 36894 55565 -25489 -44080 -60383 -17746 24951 -785 8929 19447 21127 -63944 -40043 31658 -4224 59450 63614 20306 23338 33815 34137
21818 39627 -18750 23742 23307 38389 -62743 -22775 -25258 -48487 34000 -31932 -6443 -33049 1742 21152 46873 -38043 -31421 2824 -55843 7132 -27107 -55717 -58539 117 19663 -51166 -33415 -44495 -50442 16121 39083 -62722 -63768 11190 -18182 -61271 -43897 44529 53052 -29545 -33921 13552 10202 -45552 60922 7820 -25741 39743 -13068 26932 4989 -7658 -3538 23285 -2531 -14820 18583 -64514 -9720 13001 15327 61638
-5762 -16055 -28233 9962 13864 39441 15315 -17942 5744 49827 53456 -7007 64574 -65199 38087 17780 -56415 18635 -9635 -11834 40915 2248 -13288 -55340 -21212 -50490 -8101 -62160 55447 -38563 14472 -4217 -52936 40989 -20997 20600 -56084 -4995 -47633 -30848 33529 13699 -55432 -29678 -56374 -20184 39137 -64278 36886 41546 -23535 60892 33278 -63266 41032 -65533 54166 29993 -60221 62064 394 -59010 -56506 -4243
22508 -17108 -9620 -13033 33061 -27223 -25513 -65123 50720 51845 13365 -19379 44075 -20030 -7494 -28683 57802 4541 21016 -43555 26949 65100 55147 34556 16858 -52071 36160 51626 64134 -60013 -28427 49671 32952 -52089 51470 -5383 -62084 53847 -9557 22858 16222 51180 45311 -64250 5348 -19031 29298 -34738 25847 -57390 23966 -14657 19692 -35564 55120 -56724 34904 58965 -13471 -52393 -15493 -45245 32331 56764
-38001 5361 -25529 17670 23412 52213 -18490 25552 58718 18769 15377 6719 19020 6512 21211 10651 -50845 -43829 -5745 29258 -35451 35912 -34841 26372 -24098 65156 -61125 -18907 -38907 39812 -63231 -60116 -38888 -44426 19312 -43733 -45959 -52619 -22791 -38713 -24267 25314 45913 -32426 46604 -37554 60894 -61956 29154 -59541 48839 -10536 -7572 -27060 56806 56284 -60063 -22453 27345 63755 -43611 38095 24201 -35694
-34595 5311 30409 -9311 62557 -55512 -62836 -54019 15758 -56368 20505 -52555 63803 2353 -3272 -11619 -65505 49136 30286 -22928 51848 52312 16092 19778 52196 6372 53861 -43757 -44345 -13518 60089 17740 -57540 40873 -39165 -13731 59256 58563 48931 -47703 -28978 -8426 -8985 17471 977 -48795 55937 46772 8031 25573 45395 32607 20333 1170 8724 46227 -1104 -63951 -53287 55407 52133 -19581 42333 12374
-44131 -56241 16274 -26835 -16896 55733 19192 5349 30301 -2237 3870 -57117 -63351 -15929 -1122 63653 -36344 60615 24349 49835 19031 -12467 -19354 -31716 51062 -11600 -44805 5617 -48993 -13185 38416 -36105 31992 12231 -49000 -31062 -50140 -13805 59107 48025 21740 23319 13795 -54879 38100 -49120 -20388 3056 -17231 2647 -27385 -26054 59611 -43093 18453 13853 -60535 24424 -37524 8732 30692 -7938 41324 -59727
-2733 47862 -65273 7686 58546 44659 -10977 -8392 -35546 -60969 37853 36386 -41480 7392 57925 46556 -35591 -12404 -24142 -24727 -41982 -51713 8159 15661 -26823 20199 6671 9773 27999 -57968 46788 -50657 38466 -45575 53673 6877 36257 -132 47084 -51306 46049 -3304 42459 8734 -57794 -45027 -51240 -16993 -17773 -42278 60808 -11318 -705 46984 -49837 -64151 54601 26388 -18384 54878 60274 -10138 17758 56319
-29906 48645 -44799 22736 -43413 -52732 -22141 42829 17274 25499 45682 -57110 13612 54572 -31394 -47677 25815 -16835 -31059 -4280 -48905 61140 58050 -21243 -59596 -47516 -53309 -16864 -47792 -64571 -52 45667 58449 18741 26621 40511 22244 1578 31936 14459 -53160 -7889 -42784 -57496 -54459 -64643 -11417 23519 50600 -5557 -12911 -11880 -42552 24372 2541 -65426 -15644 40270 -65307 7715 4497 7248 24417 18985
-35566 51226 3392 24530 -43610 27942 -56098 -10729 10813 3698 -39570 -11015 22266 26192 -6703 -4569 24177 -64420 -16215 22364 -21195 -43842 16144 62970 1175 38217 -37064 60516 -30512 -7145 20433 5259 -64460 37425 -21891 37671 37193 12455 33168 56518 17886 -22055 43396 -52471 51451 42227 -22862 -63624 -40943 -18378 -43990 48871 36679 -23121 -47329 -2367 19886 -44847 52411 -62244 -58958 -33010 -57708 37227
50319 65304 25745 8304 -6379 57654 11708 -14503 55443 64195 57543 50164 -39603 63812 -52811 -12567 -65054 -54426 -50331 33546 -47790 -52061 39810 -4492 35072 8079 -4071 -52533 -9852 60339 -5582 -30523 17514 -18614 -52538 -6896 8330 36632 30617 22638 -54111 -25930 -8604 -28179 34446 -8700 30011 17002 1122 -50249 56994 48220 51763 45402 31936 -2615 48622 52712 29083 -10075 -34892 -59230 10138 -52001
-53808 -61850 -18314 -43313 31173 -7 -29887 -20711 -63923 45775 -4280 10959 31185 20787 14685 -30031 57552 -52693 -16756 -21597 -4496 -43418 57104 -34258 -6431 -9156 -7471 -18462 843 49977 -55614 -61880 20933 -3340 -54803 -8609 63626 -62811 -619 -61263 10850 38166 3634 28804 53520 -22025 16233 -53320 7976 -47140 15239 -49750 42516 64405 45920 -46614 44588 27835 -16735 43430 -24171 54475 -16253 49929
-47530 -6571 16667 -26770 40917 43745 26924 35156 -35874 18221 -13394 -52600 -49361 33951 -8332 58121 -31077 18797 -34194 65525 44905 -58058 12579 -23272 58156 -41401 6989 -49661 27496 34176 -12886 12252 -40996 51025 6972 49489 -4102 27570 -22725 63361 -46785 50881 -34182 -13730 19270 -10424 60679 -34978 -9488 46618 -4309 -6138 -23251 55387 -12361 8875 65141 6635 60545 38836 -23389 -19109 22107 50166
-42740 48399 45239 706 -44390 -42448 -38629 -61 2897 -9549 -54396 62063 55453 -10414 64565 -20730 62902 -8050 31899 -63609 -38024 17510 -15517 15320 64566 19882 65348 -15281 25751 15311 -45072 -46968 20311 -16375 -56877 -51730 31580 -17055 46349 40329 57706 -63252 -21393 41477 20344 18025 61149 59961 14300 9919 -55640 45285 54561 -35891 -57683 -7067 12369 34834 46627 65341 51175 49370 30134 -31386
52436 22345 52894 -35582 -20161 -9175 47066 53504 42376 -51220 -32129 16068 -30403 13637 37085 36142 43314 -35936 55074 62492 13064 52746 -44263 65448 -55685 -40025 42261 22516 -49346 -26058 -34605 6844 -21777 59493 23724 2000 11407 -26041 -64195 -7941 52212 51092 -64886 20002 29604 43205 11996 -508 21469 -51690 23064 -9015 44558 -25513 23775 -62983 60194 -13615 -12645 54792 -39000 -27030 -59939 -38210
23113 -64351 9466 -32418 43811 -38226 -61457 -8552 -17400 42825 38427 4444 -57387 -46177 -49132 -7817 10534 -5947 -64037 62319 2618 2704 31630 -2840 42292 20200 -6995 16695 -58344 -62294 -29093 34716 27720 49668 8569 24272 -61280 13694 -35856 -4326 9944 -48117 -44083 -47519 24390 -33734 -14997 17665 -60546 16647 -57695 9398 33537 58851 -28807 -4787 30568 37770 183 11953 59987 -38917 49783 56117
-12289 -64861 31119 9778 3847 36895 26542 50984 -54363 -1249 38365 14630 -59531 -43487 17115 -35194 38408 25423 -64367 -56564 -27050 38007 18141 50556 17988 -4929 -21746 34115 -49989 4477 -56261 -64856 53811 13829 37272 -64234 53342 -32852 -45628 -45950 8277 -31412 -64011 -39238 -55834 7338 4389 61124 15828 27556 20579 -65124 -29634 23753 -52956 -51040 18990 -50406 44618 520 23121 -59433 11243 43615
54743 -63127 33404 40553 -6103 -62418 -17651 40535 -4453 -63264 36488 9146 45130 58668 63060 -5373 -54049 -19569 -34714 -42038 -43614 -56947 -61076 -54145 -49368 -22241 25370 -629 -61799 -12278 10301 -49378 -3798 -22328 37273 22779 27255 -40008 -38720 13396 10763 -39968 -39275 -51813 -50278 -20279 28305 -8591 5025 22308 -14891 19788 43316 23431 -39053 51872 -46098 -34373 -632 10379 43846 -52375 -44873 61057
-18268 44457 -36202 52827 62876 -56721 -19403 -16277 45437 2024 20318 62382 54593 2214 -65456 -42083 -38157 -61841 -40246 -40580 -59022 -35437 -62299 -18967 -27215 -1234 36483 12548 32691 65133 45383 -32114 -61472 -38486 27641 26098 58010 2311 21737 -3419 44664 55343 -60182 -39449 47447 51981 -18525 -62064 5316 36823 10171 4124 -8824 61451 17204 29909 10490 50936 16803 31383 28779 -45928 40860 -47174
51481 44510 -36722 56309 -50606 -51324 13989 29759 48376 28145 -42598 -49689 -26081 -18338 -49119 -54994 41024 56858 29039 43478 -62804 -64519 30135 -58369 -9861 23839 4716 -26153 51787 19861 51479 -58874 -44894 -1873 30297 -49132 -23040 -19539 429 33227 41653 -43538 52133 -34863 13406 -5298 -51908 -968 60264 -358 -2399 -5098 38520 46959 42256 18470 -61445 -2341 35420 -38587 -24268 242 9924 27822
-34634 35508 -32067 62400 -4133 24901 -24767 -58609 -61732 -53711 61715 27912 34784 -7495 39566 -31491 24873 16627 43243 -36268 -34770 -56600 -63808 21548 -63493 45303 35213 49268 -4841 25200 -54717 34838 52009 -12093 -59221 65351 2320 18685 16590 -48679 -43669 -34982 -16089 -51383 -18256 2670 62810 58622 -54716 46060 -32422 -19482 -4178 -4429 40765 -6996 -65378 29867 -30466 30172 46295 -31851 59573 25307
-64527 -29539 55283 -26124 -10809 30091 -61708 26930 -29076 -32494 -32838 -8954 -6732 -27800 -55252 -51077 -50145 49242 -36244 -50937 -37697 50086 -57600 -44371 -14730 -36533 -16639 -4237 -9996 45581 -26213 -4806 33339 33500 -40368 -64408 -46182 38100 -51658 22123 15676 -377 -8047 -39917 52695 -12409 37029 -26205 43678 -61871 11173 -42532 35415 39897 53568 -34956 24745 -8745 -27060 -47805 -44766 41905 30103 -59847
-4106 -25494 -25388 -49593 -59984 13886 50866 -40019 62046 -34782 6357 34028 33926 -26690 -26298 38537 -50183 -65497 54362 23409 23019 -50230 7424 -4065 55893 -41573 -3573 50834 -62343 -38137 23953 -43617 -27446 48500 -37561 -12221 3893 -6559 -59525 52032 -61286 3607 -17699 -56487 55753 12136 -13664 -2973 -15770 -57032 47247 2301 -18627 55620 34971 -57944 -41184 -33107 -8474 7547 -36618 -56266 64087 -7389
59793 -50666 20013 46059 51913 59932 16268 47841 -13565 52004 38536 -46134 31286 -27234 -38147 -50279 -7813 -63717 25105 -3222 -60485 -38977 10349 29278 54360 -37068 41292 -53013 3841 11742 -4877 48642 54793 -61140 -52808 -41290 17739 -29107 28266 -30642 -26819 -34591 17666 -31525 45513 -3978 14919 -9095 6211 -5922 -10445 50770 -47148 -56750 -661 54281 -27372 -55285 39939 58725 50105 -59541 15469 -8263
-33780 -9369 -37915 -43567 43414 48060 -14766 10182 28537 47175 17168 -18076 2309 26146 10614 -38364 7762 51486 56644 -9523 22691 20691 12670 -24725 10473 29357 65301 -62152 59321 51154 -46422 8247 -32426 64089 57853 26068 47989 -325 -48827 52137 -727 64349 -48024 31441 39867 -52198 42676 -63551 -22364 31672 24526 42794 -23603 -43280 18021 33534 -26695 -31746 25993 -40481 -62768 3896 -12527 17258
-5801 -64557 15481 10185 -32803 -18114 11526 -32798 47906 -28932 64144 -45432 -13611 36544 3505 1137 -37002 -52654 60267 29668 5616 1235 34858 -42073 -55803 -64491 -619 -39430 49216 7377 55331 40259 -31787 15126 57460 23267 37807 -31890 -21504 64015 35004 26422 10649 -65082 -61870 -27171 60120 -43742 -60946 34861 -27906 -8327 -2826 -53849 -49211 40872 -41270 -46232 3772 60937 -23425 -33900 61372 28757
-33850 2687 10028 -17459 -31465 -31575 -36684 608 43349 -14461 -35697 17696 -32613 7063 -40192 29532 53240 40741 -41303 12882 20377 9204 -24868 -54698 50675 -17259 -25497 6149 -14177 -34598 -25214 17400 44519 64585 27516 32226 3160 -54590 -15062 29815 -27472 9148 -46812 -35746 -27932 -44443 42372 11213 -42392 54299 43935 -61414 42537 11740 -403 25772 64246 65523 -33141 -26702 31234 -10015 -44461 21530
45761 966 -63128 62234 12953 -51112 40279 20639 26183 -65310 49441 44722 -10652 35014 63945 -40994 -19613 2754 -6082 19831 25259 40833 -53433 -64881 -45771 -29005 -42679 -11072 -64539 -23884 -24737 27455 48772 -63241 29872 53553 -6942 9365 47223 -52903 -56681 13039 34206 -58010 -40245 -28485 -41820 38035 11454 -13109 -41777 44977 -42185 46380 -41795 16774 12445 54456 -38058 -22748 -26660 42919 60895 -31887
-1260 41344 -45993 50742 60617 40011 55025 -36520 58301 -63010 23762 -6716 -19115 -63644 17541 -23185 -41185 39062 47208 24252 31806 -24420 -32015 24468 -9621 -23931 -29740 -9605 35562 19637 -19342 50706 -35495 42363 -13377 -60446 34400 -19276 -4489 -22039 -35564 -54960 17217 57069 -32701 9538 24870 -64624 12869 1662 -34145 27191 -45959 -38176 -2749 16257 50041 52171 55477 -41134 15586 10905 -20480 25316
57665 48008 45537 59202 -44905 -13301 6298 10020 57891 15537 32779 25866 14932 63729 -2868 57391 47723 -23629 34550 -29953 -27855 -17421 59636 -34029 -7445 42541 29228 -48576 -36823 55929 -26407 40303 -49197 -48944 -62367 47339 -38036 45010 -29092 54399 -7549 12732 14713 -24519 35077 -33753 30584 65043 24177 -19403 -54895 -39968 -49922 46583 -7122 30486 -8597 57568 13496 -39681 -41635 -54579 12780 63351
-41583 24857 29196 13804 46379 36916 -27568 -35609 -44859 34596 64202 -56584 -27184 -12976 5398 -38984 26934 -35356 -50342 18361 8533 13359 24172 10191 -15202 54298 -59461 52858 -34302 -29492 11555 -23752 20765 18037 39282 -50877 -41341 58874 -41998 15168 -63682 -43985 54576 43703 52974 -28366 339 -11863 8114 -25491 32221 -46263 44421 29071 41435 -57092 2541 11035 38198 -26409 -32461 35644 -60728 39185
-44172 14513 -53747 63158 -20015 -16059 -31513 2291 -42175 4108 1689 12167 -42114 -33260 -10553 65452 -38474 23901 15299 41789 -24708 -10747 34193 7695 49517 -7131 41458 23535 -8090 17551 -9116 4886 20277 -61645 56617 36407 -24236 -57632 32580 43620 8030 38558 -40260 27831 31985 -56469 23641 33175 32615 53861 24272 50200 45947 3568 61587 39272 -20926 -41901 -41672 54612 -11954 -3059 -65468 -29090
49640 51859 -16994 -35973 -42552 61025 2648 52400 50197 16015 5035 -55811 -22476 -51694 -12276 19613 -30579 13551 38220 -36254 -64782 42542 11834 27240 -2450 46197 62815 9291 9965 55673 29324 -1933 -25965 58803 2705 25870 -20122 -34346 46857 15899 -2388 -30563 38014 -24406 46731 -40999 12483 55029 64010 -17735 15482 -16492 -9951 42407 -50948 -958 31339 2224 47246 -13015 -29183 -57297 26349 43591
26348 51280 19572 -17983 -53097 -22960 51547 -37014 -53491 139 -15832 64714 42730 -42126 49684 -44060 -40897 -31681 29881 60136 6232 6383 -48823 -27693 7406 -46161 51851 2462 12236 -36788 -59169 57661 -37511 -20344 -41039 57486 9604 32589 38111 -36928 30032 -1383 -29779 -6181 60866 6901 8460 -41880 15207 37475 44820 36763 44031 41651 -47076 -22221 -21705 41338 26690 -5598 41505 21108 -16978 59850
-7513 14018 27302 50929 33255 -36299 59160 57087 -44690 54436 36596 59278 -35695 685 64722 43629 20130 -2259 -61505 3728 -5269 -52915 -11274 -45917 -7711 60161 2737 -42303 19102 -64942 -8948 52892 -53236 -60773 -18662 42893 47589 -7572 23319 -11777 -63636 63224 -37956 -48163 44556 47363 45763 -20145 21607 26061 9418 18186 -48286 23511 -19879 64281 -4572 36820 -40921 6605 61119 50844 16208 27008
-2088 -1750 -19144 -27696 -6680 15144 23537 -36055 -5252 -1456 -13904 -64233 10004 -31443 60499 58600 -47308 61812 49325 -43165 -36266 17818 -46054 47956 32364 31344 35544 54537 33909 54816 38315 -23825 28335 -15931 55499 10811 62595 -36730 48692 41088 -7878 -58473 -38289 63795 43340 63086 -34296 15383 56099 10008 -49068 34797 -47311 28913 56245 48033 -38403 27197 -11380 -26566 48370 25379 32313 -47065
22765 29720 -13331 27043 -64313 -29423 -320 -36298 -23070 1256 21981 -21591 -9199 19152 -22681 25615 16787 21681 -27301 32633 21182 -10022 -48895 -18522 -34512 9069 58958 12028 48502 -64587 -15436 2102 -17305 -34435 -35736 -65438 54 -24452 58087 -64986 -58836 -60295 23436 43938 59453 4529 3409 -55983 -35721 -29387 42256 -31594 24142 40573 92 63563 -15515 39344 -54713 20693 -18554 57840 -64139 -19255
44541 62468 28552 -64293 -38697 27223 41564 -20819 -57081 48346 3723 -42010 -31493 10498 -34810 61244 48622 52382 2999 36775 12028 -20534 -51593 29652 63756 -17351 -7171 136 -60234 -5971 -43338 7445 -60534 13957 -35610 -61755 22793 -4639 -3635 9547 -12154 -38719 32111 -42494 -25401 -54194 -52937 -20891 -39675 23063 14638 59665 -14144 42528 28387 60245 32794 -52824 -16286 -61245 -46710 13016 -10544 -1034
12460 -40875 36581 13563 -49148 -50751 -37216 1312 -53821 3516 -61534 -64495 -17978 5405 -9209 63300 6762 -38412 38005 -55184 -41805 -44656 52579 -32031 59608 51819 60744 -27900 -29124 -44007 47975 1404 48696 2884 -48248 25284 -47085 30059 13581 -40115 -30844 -54209 63832 -53891 26555 -45105 18101 36628 -8146 -48702 28718 45770 -7379 -27196 -9223 30354 47468 -61712 2121 52419 23669 33995 -32164 57479
52693 -1307 30805 23006 -49306 -43074 5349 60486 -32756 -27828 54035 -39370 45401 -18915 32153 31564 -22368 -27284 -53100 -42437 -5845 26366 -14522 -15375 -11058 54848 54978 49225 -6517 36880 42135 -22126 -33956 -29636 -54647 -64553 -32985 -37649 -45972 -23893 50607 61208 65417 24032 57770 53286 -57251 37547 14973 -42607 64453 42056 -63707 -22939 41128 -6099 61313 37801 -50714 -1109 -12476 33816 -42065 50083
-33920 11503 -59427 17459 61884 52546 18002 -63192 37798 8299 4693 37697 23594 32903 -63734 -61616 40710 44338 26269 -6288 63021 27102 38547 -55146 -39426 -38541 23212 32372 18259 -41593 -28611 -44542 -56274 19256 25307 -27697 13499 -62689 40151 51695 -65246 -36171 53569 -46596 -19327 58760 -54060 -59703 -17489 52878 -18525 9530 -14330 -56517 -5717 -4984 47547 22078 -15240 9422 7399 21459 -47701 43332
16395 -51947 -42002 39457 64035 -51594 12859 -52536 -61938 45724 -2567 9575 1776 2365 -48108 -20965 19373 19331 48541 -58719 10877 -33636 -24798 -39904 23344 29884 -7032 -55373 54096 37472 20615 64643 -20063 8712 6030 -22823 -41395 57781 -58220 27320 31334 24772 -55913 -9661 4392 -18027 -12255 -29952 -45509 11648 22136 -21660 8871 17299 -26057 -8298 -16965 6099 12056 -27585 40583 -4858 59501 50037
-9577 -48915 -10294 -779 -44734 -8877 -16432 -60114 8594 -46115 632 -36545 -12424 -16791 -43849 -38703 -32968 -40336 25524 -29977 52868 27632 43661 -29798 -10363 -8133 32605 -11814 -17033 -49065 -55576 -50517 -13123 27058 22168 49748 20527 53937 -49428 -22215 -25180 32217 -30174 13201 64445 -9854 -19456 -60425 34493 26216 -16316 -60731 29394 -42875 -22026 25894 -55076 -25840 -14419 2986 56145 -3531 64002 2323
-52896 -29417 -727 1154 -2370 -24649 33283 33413 42983 -16778 -55161 -28755 19194 -43254 6698 28786 -56831 6160 -15206 -19874 39601 -26331 25867 23038 45558 21003 -56456 -26292 -4557 -41896 22625 -23544 46583 -37507 26771 15915 22139 31476 12039 26994 33417 -31371 -25835 20825 -58422 46167 60295 21492 -39330 -21303 -12836 43694 46332 -12993 -50657 58188 3548 14166 12118 65069 45528 -26175 22463 22530
-15578 -28758 -6019 -46128 43453 271 -17457 -48413 55103 46232 31788 39412 -36729 -23150 -43564 -57654 -22182 43870 55096 39605 6495 -62807 38056 -42293 -20824 21612 -13855 33993 56308 29571 14260 -59300 -8905 -53899 29632 -27180 -21991 57952 -26946 -46318 6244 -61353 -398 30618 -9821 59262 15724 55208 -56617 -12540 -36951 -63234 39066 -31546 49575 24510 -36548 -51594 46057 55202 -57401 9613 -43575 -10258
-5029 -27820 -17483 52691 18871 12296 51278 -3212 -58970 46823 46544 38408 -51534 63864 -38830 63493 28928 -59791 45342 36188 9912 28818 -63445 47517 -981 -10981 47242 -27389 12140 -7755 -61451 -13808 -52615 33510 7304 -29532 -60496 43379 -61548 54455 -62960 -38991 -56458 -55421 -45071 61617 -54270 -33711 9749 6849 56428 -17432 -47849 -58094 41884 -58298 22079 37068 33417 -13218 -6242 1479 -30594 -58494
-3651 27822 2031 -21425 -6580 -48527 58203 -65349 -52927 -420 -50055 31874 -10857 -2692 -48383 -1269 -823 -8243 -45846 -54810 -47649 57011 30381 29497 -65498 23074 -15556 -31347 -32381 -30315 27054 59144 65359 34432 18210 -10164 48297 -26921 239 35187 -25153 36023 19359 26167 33553 38083 44039 26709 44736 65222 20111 17000 -17442 48097 44609 -49881 -23176 -23499 32549 27589 57378 9093 64578 12507
-59090 -37440 -20395 -25639 -25144 37675 45982 -56716 -56846 -39865 60405 48094 -20529 -44447 63879 53162 35539 -58213 -50678 33127 20253 990 -6871 56894 39965 41321 1146 49961 35423 -63759 20828 15935 -20779 -47 -1814 -38767 -63884 -32238 -36292 -17352 26954 16256 -9215 45169 -37167 41248 -37031 59528 61019 2421 38206 6732 -18480 -62633 61629 -23601 -54339 50255 -55886 -45330 26438 -49429 9610 -57528
-24763 -63376 -58750 -33715 50632 -11279 -2259 -26583 54031 -15014 2714 31446 57906 -2513 -52257 -61750 8018 39348 50248 56934 -47299 -45823 47355 18537 57569 45576 23720 43841 -57061 -4618 12506 19799 -48502 -50205 -48109 19944 -35170 -6363 -55426 -53074 -12753 -45542 48190 -14610 -43733 -49427 -33230 -33503 -4809 24843 -46335 51657 52836 -49737 37570 -6255 51202 20267 10282 24279 59010 -55359 207 -63144
-34140 61024 54375 20239 46283 -51240 -14118 51130 43775 -21990 -24394 49384 22118 -61196 -21741 -4592 -53372 -34045 38302 31910 -22401 25860 -55224 61320 21257 52872 52644 34112 -59626 -41143 39189 -37163 14909 -19889 21982 58884 -42177 7455 -39681 -27573 -22337 -18933 -26305 -33423 12461 -504 -19797 -25405 16911 -49302 62643 10419 6589 7194 -49758 -26795 60264 -52026 -19545 23374 27254 -6762 -9909 43903
-64163 29034 -18858 -36106 60916 -3517 21831 37706 38805 13327 -28353 -45997 -45858 26462 5089 -20296 -40885 59945 46767 38786 12336 -14403 42597 -42831 17452 49906 7606 -10189 -61642 -50764 57552 -33359 -4254 14394 34894 -38287 60801 36359 14361 -18235 -18873 46097 46053 -16634 -14770 36385 50719 -36290 -47223 18181 -32503 -29870 -16311 -40509 3474 -60721 23421 -43771 57851 -15160 23489 14703 -50114 -44469
40580 -13764 8205 -52364 -48140 26444 -17314 28364 12352 5812 -8297 18534 -17368 37245 -22091 -25193 -25234 -36597 -7478 61447 27422 -53297 58300 35642 -57812 -15975 -40276 17186 988 31359 30834 -20202 47390 40146 48410 54214 60974 -48431 18847 3064 -18055 12410 51184 43380 45967 -36437 64308 45294 9851 -4327 31809 1100 26507 56360 24206 4512 49317 7190 -37591 21691 -41326 45963 60388 47313
1592 -51154 -3820 65262 -12223 -16922 -63045 30041 -24533 -50337 19494 -54093 -44116 -28838 -29920 -28520 -6514 19592 -1700 -12669 16012 -64125 36613 -32864 -30824 49132 42096 -12255 -51707 28076 -10078 19934 28660 27370 -29023 -19910 -12219 45756 52045 -44235 -27902 -45698 -41369 -10000 56711 40905 -17158 -1946 -12730 -61423 -43653 -18839 55609 -37453 -45359 -37605 -44945 47017 9690 -32758 39768 -62559 -53437 33041
-17792 62703 -24565 44549 -30625 -32343 61462 -17934 -44571 -42125 28097 -51949 -31109 -56519 -43140 -1690 13407 -4246 -59279 -227 55070 -41620 -12438 -49870 7367 45006 55153 -7968 47142 20069 -28789 -30235 -36169 54969 -43144 27000 16501 47634 -63207 51644 -51424 -5903 31963 -701 44807 -19959 35837 -2157 -17604 34934 -58045 -65390 36602 -9774 -61480 32569 39684 32149 -30806 31166 -22180 -60475 44788 -38071
-26624 34526 -47287 13594 12963 55206 -58383 35817 -29372 -11318 -46131 32809 19866 -15099 -59239 -36156 -1820 -11078 -24824 -1005 46565 -23595 -29431 -5986 -29448 9561 56940 42693 45070 -15671 -63772 -59591 -11119 19025 -3491 17342 -21152 -1329 -53947 -45756 -10032 -43481 -3278 22155 30687 53607 62931 -37256 50329 -322 -56907 57662 52658 36616 36816 60256 59254 -40286 -58440 -36027 -8955 -43211 310 -53009
18765 -62604 45147 51875 -9335 -21325 38664 55514 53306 49758 8348 -21750 -8357 -45524 34324 -25664 40682 -16880 29949 7612 -52574 54276 -61673 46303 -30555 -23194 35570 22183 21728 47778 46867 65080 -52602 -63946 46864 6547 32331 -14837 26537 64958 46920 -16140 -4295 17236 -33848 -27772 34502 29086 52947 22960 1284 -60887 -64305 -8499 10789 -33266 23839 61371 30248 -42713 -41592 -12314 -5205 37114
-44902 -2352 40505 13712 -52977 -12447 -8863 36653 -49579 46199 -64566 -40844 -22512 -43633 56008 62981 54592 28782 59963 65241 35304 14195 45962 36805 26883 -32642 -61096 42704 -57631 25103 9236 -58119 -985 58154 -41262 64770 -33600 -54327 -18514 -41769 -34842 -42637 -38494 -37710 -30961 1018 18175 64674 -5466 6303 -14999 24539 16306 -3782 61526 39637 23550 26651 6229 43255 6273 8312 42482 -33424
62061 13359 -31901 4218 30480 -11917 -15080 64482 -60329 -8303 -5947 12667 -35215 -13667 20480 57386 39464 51748 34456 48337 37937 -61522 15063 -3349 8428 63347 -9552 55377 -7757 -35721 -55432 -20495 -2606 14579 45637 -35811 61594 -27303 -18673 -20362 14247 -30862 -51811 -64729 -64677 -60321 50049 -62574 34820 35673 -45586 42389 -43659 -28663 -36898 -4010 31707 58543 -24280 -43306 11980 203 26879 -42575
51039 45470 -42344 -19976 -54541 -49880 16042 -6329 41886 20239 -30419 24349 18978 4578 -9438 -24645 -60459 23701 -7335 -26257 -63963 21347 30383 -47421 -15858 18159 8707 20585 61433 6632 -34153 -61185 14347 -3639 -60317 48719 47927 46981 -40279 62029 54347 -21584 17102 -24788 42017 18581 34128 -48368 -44975 45828 46429 -42114 43954 32789 7857 4381 31092 -10331 -48872 -6816 32236 65182 54513 -14934
56621 23739 21843 41354 38687 -16586 -44120 19865 25752 -14815 -15769 -24815 -46243 16934 15155 -5000 -55150 31510 -8779 -16654 37108 57627 -33456 31079 58488 -55990 -18991 -193 -37488 10658 54565 8650 -21679 2006 -56103 -24504 -4115 -1636 36224 -34052 -28149 24564 44600 45309 -26358 -10396 -33295 37084 38146 -37917 -26095 57151 -44433 55901 50941 -33546 64854 -20253 -9328 -3888 -59339 -8576 -15178 -34026
-7868 44473 -11213 -64594 -55831 37224 -62793 197 7257 12654 8407 -50815 35282 43527 -48546 2500 22890 -6401 45467 -32408 -48861 -57191 6548 -45827 20548 -23492 -18994 42236 -51065 35458 -42648 26213 6856 -28090 5563 -30277 587 32856 5828 -39941 -22164 -6326 -58346 18834 -26667 11309 18220 3593 12002 -49752 1689 -9972 55655 2676 22183 -25106 23295 61245 11688 7346 62595 -19856 -59646 20131
-47699 4857 -49374 46473 -35775 51791 -24013 29360 -62185 -16703 -36942 63107 53036 22700 -43087 -60279 62453 -13115 -28252 40955 13461 57151 11042 -35357 -10695 2830 16641 -41020 7407 41668 -61093 -10916 -62893 40644 59353 -31687 39955 1528 -38877 -16334 -21396 50855 -56924 -7888 29380 9786 44575 -52980 -19249 -37439 11493 24722 -3011 -60502 -62939 -6185 -14140 4446 -50747 -38630 -52440 -8162 -16192 51944
-20656 30679 64712 53183 -1654 -36219 3377 -54196 -33384 -47688 -11814 -27346 -59818 -1410 -29678 -35243 -54642 -58090 -18355 57983 35884 26003 -1940 23631 34902 32580 -55199 -47622 -36180 -64022 -59003 -62672 -11722 32930 49010 19763 -43383 -27121 43872 38102 14140 29275 -38288 40897 -19980 -35206 -34152 12351 -50089 -19059 -65330 46951 -31653 -60848 65505 -46826 54609 -49560 -17183 38208 22710 -51547 19219 47441
11429 -31317 -51319 -30879 40092 7414 -36185 61150 54797 -34300 -41305 -10518 57137 -39962 50112 -19061 -3259 -10591 16397 64676 11286 -50796 -20220 11260 29907 10356 -47413 -44790 -15734 -34860 -38524 -25650 -21680 -961 45870 -13148 -64481 25469 59364 -51661 15417 -59362 351 30805 61570 -55855 47932 -35935 26406 -6825 -46292 -56520 32575 -8486 -8114 -37934 -55832 19267 25301 -60109 -42930 -43762 -45825 -45963
875 -55382 24490 36296 9760 61192 44381 -10246 42258 5639 5384 18803 1590 47175 24919 -7571 -58254 2786 61238 -13015 -54488 -14581 6468 1708 23019 64485 -33403 -17721 -45605 -52335 -52800 -48630 23403 32838 -43253 -51194 29618 -65209 9302 16286 -29652 51406 14386 48866 31766 -33899 -24792 53996 -60273 21035 -46987 64041 10174 15360 16908 -20113 -43862 -39182 -37113 -44489 -4073 4726 60081 -42005
-12384 55704 38000 60792 -52321 -35896 -22376 34628 46292 31134 14602 -47963 24603 -52939 -8085 -10557 3180 -50739 -49567 10293 33635 -19095 -2975 -21551 54162 1249 51125 -27046 -64017 46546 45589 -60195 -37560 23276 -35039 51970 -3411 -14033 5038 -60661 56250 33823 -37091 45410 32316 35303 42445 -58812 -18144 42043 26737 -50610 -57556 32003 28939 29399 25531 -51328 12889 -46304 -40074 -28496 51116 -32803
-26514 51641 22622 -65100 58738 20679 -12762 4908 22711 3530 -9363 -39051 25227 16092 55214 -25667 1650 62965 -49293 5477 23336 -18584 -2106 -59520 1960 44289 54048 -52175 -26532 -39473 -53916 -40656 -51273 -8954 26044 55731 62479 -27803 -7995 53045 -55399 -49054 -54082 8617 -64642 -29527 31938 -23046 7464 54084 -43746 -4485 53436 -54041 -43221 15906 -35228 25349 49740 -41972 -51499 -7741 -16602 -44341
51318 53467 36378 -9036 14456 11470 37133 -56043 -15573 49635 -35151 8913 36293 26099 50565 -21317 49301 60520 -42772 21362 30971 41742 2493 -64720 -39200 -7005 -14346 47560 -17473 -10449 60931 -35175 63889 32847 -54105 32224 29768 -59000 -28645 37994 -64184 6881 36513 29854 -53447 -16084 11597 43193 -38244 -13939 62293 -22923 24857 35551 30643 85 61288 -14447 38618 21561 -62135 22914 -21819 65108
21574 -10612 22937 62439 20654 -731 -15078 -54262 -20052 -8748 42082 -27537 7466 -31957 -15277 -43914 24899 -63968 42589 47987 7940 -42080 -19185 59957 50939 -33811 197 -63634 -17829 39489 15357 5309 -10989 -34824 -44976 30824 21225 27296 -27268 -42588 -5001 32187 -27665 62002 -10803 57568 -1643 -22711 458 29092 32365 54375 -50565 19995 -40085 -50784 34430 -22421 -27804 -58721 19196 -11889 1453 20004
-18566 57770 -59495 42427 -63035 -60641 28853 17569 9013 24904 38645 58169 -9966 19020 38595 61644 13545 59858 -52325 -5865 17155 8618 -36261 17068 -59878 5263 -50003 -29652 -3334 55296 11445 63853 -55103 32311 -44072 -17593 -25007 11355 -18904 -61616 50543 -63533 53232 -36224 -64689 -37842 -12819 -58386 -63514 40714 -3202 -24216 30686 -38908 -25908 63568 -55949 -60485 -62185 31603 -56850 -50982 52669 39427
-61082 26375 13402 49536 62303 55042 63878 -61284 -45019 36376 37550 8364 38480 40004 12681 -9849 -60616 36225 55003 53274 -47864 -62157 10344 6852 -4133 40106 44856 22059 41980 43312 48011 1448 53632 20572 -189 63942 17823 37949 17626 17798 59664 -58258 -30445 -16401 -58943 -11577 -55630 -58822 50581 -53295 -37449 -21894 -34314 -15570 -10460 6772 -38424 -12012 -9150 10776 -4660 13336 38733 44265
-6524 30565 7687 44119 38792 -21014 670 64992 -20466 -20923 -64382 64423 -54941 56074 -31210 -9123 53184 31826 -3576 -48991 -40692 57006 59770 -8031 35475 19053 -48525 -19638 35982 51452 65080 51541 58407 24784 -23616 -52546 39187 16598 59082 31270 -39487 -24437 -904 -64501 -6393 12271 -30364 49886 6867 209 50362 56602 -55897 -12336 -21386 23812 46595 -40705 49125 -38278 6483 -53504 41603 29779
8058 -61348 -34370 47473 52554 23043 -29154 -53181 58207 49401 3811 -20709 -65182 42395 -15846 -46010 9724 -18417 -28226 -53023 -41912 61635 -18278 -61573 29603 -62075 -57228 -19735 -24394 -32972 20319 30124 7022 18240 -56658 27882 4244 60658 13164 30678 23542 24091 52213 7161 -35913 7717 -50883 54314 45626 56884 -27983 -16932 63521 43952 12213 28864 -42240 -45481 -56368 4818 -43407 -62742 -42060 47741
60591 -55994 44449 33598 59435 -57630 13717 -49050 23786 53256 -27634 21893 -38348 -57853 -41129 16896 -55944 -61659 57467 14682 -38389 -63518 38813 -42312 46237 40943 36444 -30564 43368 -61129 -8980 57213 7749 -21531 -45434 -11726 65508 -57507 35878 43455 22049 -52983 -50528 -12925 17569 -45248 58667 -5168 -57441 12930 -40958 -31091 6849 -25942 -12149 46875 16770 7697 48911 64869 9710 -23227 -14065 13477
-65513 32841 56503 -13025 -61106 63078 15658 48893 58718 57016 4382 -64243 -39351 24471 -45351 4285 -30869 -23927 15372 34293 -24494 51820 30742 -25735 43424 44642 59880 16960 -29709 52015 25605 50221 -45257 60197 -60740 15544 26290 33835 -11672 -38358 -12811 -4512 -11215 56627 14457 35665 -9885 23549 -48048 65320 13735 22713 -22246 -63899 -19310 -10502 -37441 -2104 -57553 -54501 -64008 40759 63737 -2405
-63409 -12358 -26586 3356 -28066 -27358 -13518 4834 -37343 -61840 57088 49430 -25454 -31937 -17476 64855 -9419 -25734 -10298 37582 65385 58738 36207 59590 -17222 -6764 58396 -45550 -34091 -62373 8248 -14505 58015 63062 56 51345 12249 17522 -6960 21422 29080 -44875 -52264 65327 -6164 63031 -6215 55143 39921 -6028 60668 -52596 -13382 -1887 -27078 57643 -12237 -21628 -24930 51485 15734 57863 29490 -49991
-42847 48366 -42033 -3378 26862 5829 63169 -10261 26970 22663 47697 17611 -14072 -38698 -63638 38114 29009 -39679 -33515 25593 51795 -62789 -6246 -15743 30049 -46991 8579 -3015 -22458 -10714 -50154 32887 52948 33265 6683 18365 26601 -3062 -47054 35999 -21837 404 54865 -55318 -40578 -18175 42052 59952 54420 39900 26190 16117 -61093 -26649 -26785 44619 -31876 -37992 -28492 28867 36349 -62888 -33250 10015
55268 40828 -13944 -37027 -42486 -57407 54301 34334 11902 22171 -30412 -40498 34716 -1340 -16561 58972 36484 27333 -10499 -57230 -50261 37508 52034 49180 -21892 -39337 61341 3249 46123 50379 -26871 35455 48303 -43835 22191 61769 57958 27585 44327 -28505 28383 -61246 959 55583 11778 25603 60743 -44940 -61013 -34292 36258 -59499 21623 45866 -10422 -60985 63944 39280 28780 -57476 34011 20640 10738 49588
58046 33128 -32707 33524 -20190 -28404 -20964 28300 -16561 -33944 -3806 19267 -59393 -11859 -23059 -7593 54824 -46511 -51112 12709 36157 -57460 39489 60827 55189 24102 -48495 1913 57069 -21817 -12245 31032 -1730 -32553 -4920 -30401 -9521 -34780 6810 -32101 -41812 -42062 -48706 5659 8192 -24925 -38157 15736 30129 -6189 53611 -33542 18995 45070 -17892 43840 13096 57671 27464 17363 49415 4539 22929 -33247
21207 2914 -56343 -62243 -13964 -34973 -47420 -7112 15740 18674 -3406 -64355 32355 32843 -22238 -15227 16554 -35041 1886 -642 -27283 -43297 -18799 -53709 11797 -61675 39994 -43835 49149 32413 -56663 -22656 52562 56267 -23629 44070 -40448 26892 -1633 2605 314 -49074 -45649 -29392 10285 22816 -40769 22276 -22553 -20232 49348 15165 28817 -23597 21274 -40398 -42698 -53723 39007 13335 -51723 41698 -7130 23087
37964 52143 28840 -8915 27016 4410 61240 -26886 56503 51543 55247 47460 -1293 33301 -52027 40757 -56421 -12092 56546 18801 21367 -17888 -26524 12130 -1720 -33927 17863 22081 54143 61862 -10899 16563 -23993 40403 11915 62833 25667 909 -25530 -37786 -46721 -17541 -53903 19033 25719 -26628 59598 16116 -57156 -51324 -7600 54044 -11858 -44876 -10926 -13278 -46354 -62676 -1814 -34578 43767 -36934 42007 27068
-14441 -50915 45346 56631 47236 -1922 -45926 -43184 53177 35918 18790 25018 -53178 30454 65265 11978 39379 21877 29726 -14942 26550 11493 -9037 -6573 40159 -38057 19191 49576 -42985 -40049 -55353 45860 -54004 32933 -23431 -14102 -5346 -4638 7359 -51759 43651 -37285 11453 -19089 -13357 40302 32201 16437 7549 -29350 -22131 -43953 46478 54172 52935 -44142 33735 -25444 15796 8080 -23155 59692 50868 60738
-24045 37813 -10717 -12634 14344 -42156 35460 24362 61553 39335 54264 1171 -15879 25078 37535 -8071 -53940 33401 629 3600 27834 14523 13723 -36128 21050 -9149 39789 2347 -1048 53830 55873 -22624 -26349 -35595 -15677 -11032 12130 -1992 16433 41924 12668 -16044 -26623 20860 -48659 -1599 10622 -39342 -57023 -38142 -54475 52148 -9184 27845 61410 64492 -35437 23401 -3566 24216 10981 53812 -47627 22181
31795 -3123 -52915 -37075 59854 49701 24572 9522 -37429 -45164 -46833 -19390 -178 31830 21296 -9136 22088 58779 -56092 -12729 -17018 19313 -3315 32473 -44867 -22211 -6078 -12033 -65319 4800 -30359 -36831 22664 52592 -55001 -54835 21112 38976 -18264 26945 -3043 59527 20402 58495 -52714 18331 -5427 -40167 54942 -8791 -48693 -41448 34023 22415 -39834 48719 -57685 33772 -13646 35790 -59667 -3133 -4844 9102
