16556 -6198 42209 -25882 -32200 -21969 41271 27879 42510 42118 -36168 60729 56113 36727 60095 61703 15055 57159 -26739 -24959 40446 15783 16659 37049 23412 18574 38645 -9 4428 -47510 37782 26694 46273 52283 -43180 -55150
-48176 -13877 -25049 -23312 -2062 62496 -23471 24749 -20164 10075 23845 -30256 -41609 -22642 20891 206 26367 -55145 60859 44654 -1742 11854 6535 -16310 46648 46934 -41596 -22688 -48954 -64921 -48825 36881 -13197 10733 57243 47880
-5102 33891 -44287 61770 -757 -63501 18945 19576 -52966 42008 29676 36068 44277 -32661 -45412 1357 26532 -34793 48375 -21372 18042 59175 25971 -10571 -23906 -3691 -47908 -50963 3585 -29973 -5954 -10145 -53397 -15916 17077 -59237
-52495 -44816 -46299 17702 -59146 -31846 17802 -28810 -59774 35939 -37849 23569 39791 -13166 30029 33104 -42291 -26148 10977 4969 -29641 -62680 6937 32547 -49466 -64980 36597 65394 48689 40614 -17925 -18444 22374 49355 57793 -33110
15390 33679 13162 -60146 24967 -29232 -533 -6165 -30350 -12245 -33292 -8863 64772 63671 -39617 32682 -13108 -15597 -51897 21166 19527 52072 49660 63751 -51156 -24382 65285 -40386 -22476 44023 -49897 -23907 17788 60176 -8610 -16336
37219 65042 62996 61488 5606 14021 -31715 -35934 41783 6496 19372 59363 -15833 -51239 -49711 3842 -13043 55637 -33838 7917 -5424 -57735 65495 -14527 37790 37042 -1942 55519 59038 -7326 -21704 18020 17656 39384 26706 10586
-50259 -23183 56803 9893 44644 28696 52828 45729 38383 27023 -7112 38929 -7207 14371 -48564 -7888 -35769 -6907 -62797 -16969 18067 52582 -4053 -40797 27914 -50 12343 14610 37390 -18599 39557 -57766 -40314 56212 -48449 47559
43748 -52152 64252 -6088 41677 31477 5057 19903 38836 21800 -65437 -36021 50452 58550 19483 26824 65023 -25048 36099 -16657 -27962 8385 -50454 -51077 -22411 58767 19646 -50164 18544 61340 -12125 -63886 -40369 -7945 -60308 -21399
-31242 -53214 -58794 -26772 -8703 -24405 23040 -56760 -9604 23448 18981 -44867 -32941 43529 64391 64642 32856 -50586 5879 -15792 -12504 -1649 -974 -51950 47734 -38890 16308 8638 -20646 30529 -43758 -1598 51076 -14392 18916 -58795
31798 64652 27429 13920 -17895 -61622 53522 3609 15071 43611 59625 17781 38497 -2371 55751 -51891 -2458 -1931 39684 -49326 26057 -45548 -30626 23943 32225 -65473 48476 -57632 15015 -61861 -61218 -15449 -60830 -47141 -17143 53081
-41560 -45498 -16977 -36671 37658 29250 -34948 43050 -39419 8378 4307 8188 -46320 33498 -44876 -22978 46597 -22331 6435 41815 24428 -11017 61489 35238 56486 54152 28050 -56643 -12719 -21891 16479 35879 46670 -53967 -56970 6713
-56522 6286 45534 -31313 33732 46607 -35063 40910 25737 20447 52766 2035 -16027 27150 36490 61373 39721 58973 50869 -1482 41939 46195 6493 12617 -28096 12260 26409 -352 17443 42263 47899 48073 -25805 -57906 23762 17753
-28997 -60801 53049 21423 58692 13158 -59983 -33606 32074 -47899 24513 -63662 56889 -56547 -63944 39747 -12469 -60751 17666 -27488 18306 -12983 51349 23763 -55522 -48739 26290 -27410 1627 55296 24582 -43423 -45592 -45401 6546 -54907
-40240 29590 16882 61054 -38811 -50161 -12814 36994 10266 -51605 -14927 -44771 35070 12182 63196 -42546 19458 13494 59407 36692 -7998 -22927 -54988 24948 -15498 -50259 -40545 41362 51570 -22270 -44086 54083 -35023 19633 17070 -18987
22066 -36949 17221 -14099 -51103 14999 7244 -44601 -27978 -46746 -42351 -36021 -53611 15125 -32548 176 -1118 -57840 -47670 55168 -5674 25945 -54021 -8675 57959 -31857 -64426 16399 -29574 -6090 -47539 -21230 17453 11202 8399 -26069
-9099 -55225 55001 -64686 -2516 -4882 -26141 -55318 63166 -23340 -6951 44826 -20220 -18730 -55538 26751 23285 -50297 -20830 -15489 -11486 -29874 -27967 -20628 -31824 -58789 51841 65379 -29152 64816 6995 61883 -52109 44115 -60665 3095
-63378 -51530 -44101 -36115 -24209 -47249 -33308 30132 -10805 -39464 -62001 -47874 16601 29318 -64076 -6444 -21502 -56229 -30137 15722 42645 -54658 31712 55264 52520 16434 -16157 26455 19275 49016 -57155 24907 -4413 3230 -53309 15980
32754 7709 -31423 14 -52321 -49923 -37966 -7832 9808 -53608 -16145 -49440 62909 -43317 46635 35612 17672 -13857 62415 -5648 8691 44680 -33610 -33629 22612 6051 30026 16705 33592 28529 -44865 44822 38247 16165 -14074 -47088
-57619 -49794 -26165 -13559 -33843 -57179 63181 36521 -8035 11174 -19644 62368 -19195 11860 -22337 14158 7018 12997 31348 -38037 65142 -2206 38639 -53143 -26308 29752 32413 56167 -20626 -29412 -2093 25757 -42086 -55711 32566 47982
50040 -58349 -43952 59066 29812 9210 3847 -14910 -14137 22061 32887 -35993 -47761 31811 8137 5473 -17199 -24220 33679 3005 -15279 178 8868 39665 -55115 51181 34922 60430 -52467 -32750 -14522 -28108 -46785 -8303 -62354 -29067
-30351 -57361 3216 49640 27116 -56490 18870 43051 8318 6235 43002 -36975 31896 -63227 31770 -2579 12831 -15971 -11616 -14027 -18501 33276 56531 -9747 -13008 29297 -50934 8286 -22196 -15150 -18745 -60091 55800 -36410 -59231 -20085
-49393 -46557 8861 -63523 -45475 -39601 17072 -9447 -1896 64915 -64682 -19815 -37875 -58812 -39207 -14916 45797 -19927 -40431 61225 -751 -48866 -4552 -25058 -16873 -7724 54016 -31785 -48751 -34557 -4778 3772 6904 -47172 -5725 -20251
1294 7081 51717 -37708 -53333 35190 -41434 13730 -48424 62670 -46868 -17313 -61152 -56101 40990 -45628 11131 -1043 -45222 39650 4650 -9027 13431 -62577 3277 60756 -51844 -40720 -37601 -44195 -4380 3490 -13366 -6041 49272 51385
31331 -57038 58473 42296 -39221 -34038 -4934 -59162 -45369 54160 3548 60804 -63789 34466 -30279 -57349 -35493 22647 -50024 39483 -16894 -42155 -65489 -50197 -8841 -1478 -34335 -37700 -13910 38319 61866 9983 -59923 -21430 -32322 -35517
-40222 40043 14901 -23312 7773 53388 9922 -10433 23326 3357 5076 -34597 13914 -48826 25039 -19784 15210 37884 -30546 55041 53401 -643 -59432 -15106 -7363 40332 35205 50845 37706 29099 12023 48118 30082 -60697 -51396 -680
-27583 -47596 38037 -21402 53928 10792 -49460 -35219 -28839 47832 -64909 -37316 -58470 -56297 28030 27480 -7474 7612 -29037 -36914 55291 40497 -37503 -1894 -33929 31607 25134 56840 9439 3284 -7881 59024 59554 60713 -62088 -35485
-63429 9722 -56505 45954 1444 -45231 -16275 -50798 29204 24322 -19579 744 50105 -45710 49164 -37438 -37245 -20313 -18256 -47030 -51700 62521 -7199 57395 -12244 -63700 -8614 45056 44473 -51533 -10067 56639 28025 645 288 -14431
-318 -23859 -56294 -59796 39032 4568 30021 5119 6380 -45713 -7861 -44940 -31371 30450 62370 63915 25394 -22570 27729 -21247 51282 -21494 -34108 6370 -27050 10634 -27519 43491 -26068 -9096 10672 -6043 61559 20353 -34798 51823
-41313 57880 18323 18408 16000 39610 54938 -4477 -15423 -38757 -58790 39146 21292 60731 12454 -44990 -40387 -50795 42006 -22402 52360 -65184 10340 -31805 -7871 -46752 18279 178 -1944 -3690 -59538 47656 -28759 -40391 49092 -30540
59238 -18151 43865 19883 36555 8038 32493 24234 18678 64447 57789 -21256 -49494 14828 -35431 -18709 -17459 2745 50996 -27035 -63062 39091 43550 -48079 31207 -26070 -46354 12116 15032 48410 -39740 5932 37190 13132 62995 -28212
362 5225 10893 271 63096 -22570 -5691 23866 25344 -56382 -61375 43412 -13063 52322 -47405 17657 -53611 27756 1395 -48306 56755 -34585 -10584 22893 -33110 -15491 60195 52935 -19344 -8910 -20791 10108 41101 5901 -31029 56678
-21161 21838 -5294 -13906 11923 -33143 -53762 -33805 27101 11472 -27620 47180 -62822 7695 -3932 -62001 63047 8090 34886 17219 63799 -15683 57145 -27501 52751 -42832 61522 20684 -44945 -33990 -31616 44009 43481 -15167 34751 -20998
-62646 26767 17517 52951 33969 1273 2061 52210 -60870 41199 37265 31318 -41852 31232 -45816 -22456 -25764 -13954 -33345 -50389 64872 -59662 -1707 36064 44708 11610 42500 -20568 -16633 29920 -11057 -6603 -37956 661 1655 -51752
-16759 43425 48070 -26950 18259 5967 50872 -29390 -2976 -2742 28666 -48545 -16213 -34889 59800 23898 -26348 -49404 -26267 3492 19152 36398 39368 -16197 39444 62592 42904 -60401 56042 -56951 -52115 44666 65042 -20315 -42065 -45425
50857 22400 -33908 -55284 -23383 -43387 -949 29462 -63248 21309 -39159 40160 13735 -6943 -33425 53625 -39417 37029 -47844 -29546 27723 17136 37254 -6574 -54972 48312 35111 -8480 -54901 -3851 -30333 57413 44385 -39863 23762 -3825
59029 -41081 11790 -4043 -21927 13896 12950 -16448 -7787 -55885 32342 -53107 -45742 -57295 14686 -31396 -23426 26162 15211 -53616 -60636 58889 -48025 59496 8335 46487 45309 33925 57563 41555 -39040 -6999 28040 42406 -38114 34989
59205 3279 25809 56254 18636 -23191 48388 54083 -60332 17589 -24120 -53351 30069 -19007 -35040 49105 -36357 -56656 -64228 -52906 -37444 7865 -41943 -61341 -33000 22845 -35545 -30185 -43549 -29046 -56675 41658 21974 -10532 -51069 10253
-50450 -54283 -23006 -52657 -22175 -57609 -60849 36991 32868 57993 -16292 13872 -31491 53764 -26524 -12732 -62369 46796 43429 4918 -12097 15715 -56279 -39951 14181 25046 59155 36900 -36459 -65154 48020 37992 -51796 39558 64103 -52212
-24711 -4911 51213 -10644 14665 -12956 -43750 -44621 -48091 40344 -15653 36338 -56580 2078 -44654 11836 -30558 -47321 31044 -7764 65123 62050 2496 -45999 -32533 53552 25004 11870 -10497 -57236 56396 24591 -60910 38958 -47371 -26956
37392 -21074 -9275 14541 3899 -51443 289 62813 -50848 -54888 60680 13963 59793 -17803 39889 29753 -14771 -13428 -45194 64346 47838 56533 40381 11170 -41225 -14881 6439 61559 -33523 40962 -9956 -58584 -30877 -31725 -50549 -50737
55813 -32530 19956 37420 -8381 2350 -23056 42554 -36882 -39623 -20489 -6004 8977 -4332 26925 -47649 46733 -40603 -55517 26373 34136 56757 7383 42137 -42989 50837 -45308 -15780 -25230 39045 -63756 63966 -52551 -27217 -2992 46333
-59421 -61481 54395 60501 -23723 -10586 10504 13721 1033 -17338 41366 -35144 44419 55357 -65192 52549 -63274 -40326 57084 -21986 63291 32410 -29901 13659 -916 32692 29823 -48818 -2028 30390 16292 4638 -48794 45078 -13008 -7142
24783 4154 52763 -43719 -22286 -10526 -63939 -13321 -62925 -28571 -44193 40475 -24772 29116 55438 55501 51070 29733 60791 63736 -41680 -64757 -44056 33003 35261 -20394 -8615 -63188 -26190 33615 42881 8428 22209 -64681 3398 -57995
-2251 -25120 -25444 -43319 -49179 31812 -61855 40493 18337 -61773 54611 -46904 -60595 38454 8005 3452 53097 10698 -32442 6928 28646 60248 -4628 -59521 -52562 -45891 -62488 -11680 -37715 -34875 39582 37100 -40028 15189 -37563 -32954
-26655 -44929 22112 58296 3521 25112 2517 -10056 12353 8801 49724 20091 8777 10565 4751 58707 18717 55963 -24818 -34098 16945 -63508 -7997 43356 -534 -52837 -46266 64021 -23638 18537 35262 -60478 9603 37064 -51695 -60439
-23145 -32627 1844 -11997 -34976 -2244 38517 4511 -40436 -64300 45695 27931 18596 -25509 2665 42774 -64758 -34401 22425 -58470 -12571 52864 35554 -55251 64405 37450 -1593 -49893 -41614 -16024 -5383 16060 -50475 28629 -55560 16051
-11450 -39156 -3524 -23360 54351 -26701 -34051 12981 34639 41084 32673 53838 19836 -5958 -10024 41879 11167 38083 57836 -63867 -6083 62492 -42187 -47708 -53746 34677 20601 -44227 -43941 -59446 -45152 -6242 44124 32112 62445 -21174
-5463 -46519 32300 6025 34503 -40792 -19563 5285 12499 12983 50178 -55954 -12939 57184 -41370 62856 -63594 28611 -10929 37786 42707 -45013 -25548 -52934 59483 -13465 -9783 15414 56836 -5685 -30652 -31444 -32437 -44277 11269 24960
3285 -46383 40346 -4447 43983 -26491 33337 49900 61852 -32320 -27475 35526 -52865 -25989 -46690 -44194 12029 10505 28403 -19755 36781 -58573 -34670 -12632 23085 36516 35983 -52952 -10202 55906 -12983 -7956 28423 -23559 56959 -42696
34898 23807 28644 -45093 -48250 62605 40708 56235 -52398 -39972 -61561 20356 -19941 -8935 -61702 23683 42033 -56108 -55850 12378 44846 -23213 -32344 -102 -52244 -5370 11030 8464 44374 38857 -3202 11163 -34709 5248 42522 4488
-20341 -57973 -50649 -3988 33366 50061 1785 -48636 32100 -39091 31597 -8183 -45719 -28871 55305 -693 5266 48525 -47902 -18621 22112 -50183 -38837 5056 46956 33697 13650 -57141 -14756 23020 -59201 65308 55134 -51084 21712 58996
-2959 -19353 5873 -18199 18927 25394 -64089 38281 30446 -19269 1221 49640 62883 54683 11945 -3849 22175 1714 -56784 19546 -55168 1233 -18868 -28848 55877 57874 -21441 41961 34796 -10867 4208 58214 34982 5085 51848 1243
-45327 12075 -28155 40370 -59657 -10102 3426 -17396 -16731 -41090 2953 -31386 25249 8518 -8912 16244 -13012 -36125 23380 4634 -56229 -26985 17217 -32678 -27941 -18673 12385 -39587 61599 -49007 -58959 -57751 -32693 39878 50113 -55355
-35558 -20201 -48183 -58281 -6409 -49455 846 28742 -284 5417 -31371 -63092 27199 -28147 54057 61474 -11154 23581 -29728 -32529 -47036 -40629 -2899 30617 60657 41325 -35549 49178 -20945 -24995 -46714 -26004 12416 -25359 12508 -64777
-56491 56655 -31961 -20708 42341 4699 57033 37482 -24363 -57291 31641 -31799 44378 37940 62483 -56844 -17256 21096 62851 -17731 -56400 -52583 -40957 41818 38703 49992 -34887 -33322 3873 39406 -35507 32454 -12427 1067 51133 27902
-42344 -49017 -57198 3834 12430 43257 -7920 -13518 62387 -10677 14404 -9201 -13785 44990 -46301 -50039 -39523 943 -56816 -55512 -26776 16020 63600 -7038 -29190 36457 -55407 -35637 -15938 -64498 16103 53973 52330 -61978 -13724 46801
-8766 42211 52908 18192 -25458 55994 57889 60184 28660 -3954 4255 -62590 58000 -29431 -42954 -19772 -36699 -17313 -20445 53547 -32495 -32890 23449 -64619 65193 -34167 -5628 -34497 2597 54784 -51219 30627 -1400 54208 23129 -10374
21681 9921 42967 -60465 -11325 -54527 2755 4952 9667 52052 -16662 -9080 28198 4403 16335 57595 7452 15998 -53644 -42573 -56112 -11355 6712 -8437 30377 -8772 27176 -26580 -29578 -51918 9579 56054 -36910 6780 16343 -55142
-48296 -41991 55185 -16483 61223 26614 21574 32117 -16461 36575 43929 -3759 -3998 -56112 35595 44995 -42222 28419 -37717 -29967 40970 -45518 -48211 -37469 -49344 -11359 -29913 45835 -13188 41226 61386 -63217 -57058 -40875 -8384 -42517
17712 -24634 46731 -16127 59138 29721 -29854 -52548 -37708 62499 -36129 29362 -18894 24215 -59180 43579 -34231 -20663 -62109 47303 56362 -65041 29176 -16519 40229 50676 62924 -54957 47245 63313 56342 50229 -37548 44709 -60680 31145
-5640 41711 17473 -55578 -18912 63478 -12485 -58455 -58607 5036 31944 -6001 -31993 8118 -34157 -52455 50904 -62278 40876 -58371 -54371 -21112 -52975 38860 -33604 625 -14346 -47671 -10734 -50208 -20776 -11084 34714 -50514 25489 57843
44665 -8343 -10693 39480 -50077 -46706 34137 -64631 3616 -29492 20189 28657 -53721 2584 -57028 -13518 44103 -7032 37909 -54178 -1026 -64376 -55176 51552 -21885 54907 -8645 -36895 39239 -9771 58412 -16825 13395 65314 -59169 -5377
-40230 -1229 36840 3297 6443 -52668 42286 -41254 -26414 21071 -42539 -17283 29200 43353 23898 34358 31855 15746 62530 -31827 -10799 -45599 -55088 57426 23811 -40394 -36435 5423 10510 21069 -50626 -31829 19418 -53857 -7465 -28349
63311 40098 41981 -36217 -41369 3878 -40164 -26924 -51946 -40193 -19772 47864 -30178 62397 -16539 56998 45414 9048 -46166 17796 -23125 15627 -19095 -55244 6909 42651 -25180 132 -63952 34466 41088 15196 -59620 -12554 7028 -58422
-22868 -36172 23606 -45515 22470 -62504 -17014 31697 -11228 10241 34586 -10417 -60658 -26834 -716 -30389 -19847 51031 -52760 -58562 -61889 -32154 30184 -58572 -48476 40582 27295 -50796 52156 7121 18939 2066 -53494 16039 -58608 -16840
44054 65016 -31498 -3291 -9676 -50963 13284 22933 4907 -51647 -49853 -19404 43642 -57376 45834 666 -13987 25497 -16715 -21245 21370 17362 21484 -60385 23619 18545 -23885 -45884 -64823 -46687 29432 -34900 -27499 -49842 -46414 -30552
22543 29144 -51162 -24057 28904 -31538 3565 -39362 -14577 5341 25452 11063 -3160 40212 8184 -8954 4574 -32898 14861 8385 -52698 -3729 -22281 -20664 6163 -17787 61504 -32528 28655 -12624 -6509 -44205 31274 36060 36849 -63048
-32760 -41206 -56787 9399 25088 38755 -24782 -8104 -4795 -4974 47803 16091 -45286 48467 -40241 78 -55685 62414 -22147 53895 32972 1111 7349 6476 -7905 -8104 -27894 62956 2697 -11531 4352 54107 -11287 -8447 29517 27421
51149 -23304 14310 32275 36836 -46002 -25732 -28795 39348 -4241 -17944 50841 -4175 17698 37185 5197 -56974 -18775 -55001 31054 -27824 -55675 -22148 41988 -53076 -41537 23329 -57493 -9699 26541 -23524 -35800 -4680 57902 -26656 -22802
-35517 -2008 6107 -36183 59389 37754 -33860 -6634 -24456 14490 30076 14039 -53100 13893 30450 -54803 -14128 -2593 -6114 -55371 17263 22973 -9135 -26697 -25331 25955 50578 24888 10606 -23465 26319 -4026 -30040 26637 -55421 8690
-6762 -21945 45752 -43663 57912 5746 -35632 45717 47797 -12855 11656 56237 4330 16483 55341 -54869 12957 53032 49307 59907 62418 594 -64183 -2796 17012 -56136 17017 -5814 57056 -41223 -25828 59465 -12257 -390 10792 -55049
-17766 17349 -24136 -520 55888 -15758 62137 60620 -12535 55659 9551 63977 42483 30232 -26478 -42052 19647 37755 50360 -44923 -19806 2561 53380 28259 58282 7652 36846 -7825 -27297 -25264 13434 -51092 14338 -17622 20952 61794
-38402 52870 -48756 -10693 62510 57227 14927 -49546 33697 -49675 -15082 31889 5363 -51680 -10849 -12027 53223 10663 -49560 5279 62361 -28207 -50562 -9332 -14074 -8708 -64059 -18017 54591 -8356 -27176 -41821 55913 -23848 10237 51867
38818 9742 -3455 -59456 24697 46578 -46707 -22903 -64591 53215 31606 -41635 -62246 3067 48747 64215 6705 -34789 10477 -61010 40596 -56385 3511 -43272 -47314 11463 55282 21941 59367 46844 -17114 -65015 33968 50057 -7548 -65323
-35276 -64997 38475 -47935 -8424 59457 -64828 -5966 -823 21819 30178 15905 -19110 46603 -16563 -61305 64417 -20861 31178 7456 43861 -4705 -39266 58291 -35047 27890 46716 46403 41473 49955 -52768 -52379 -21285 57498 57681 4923
-65394 -43145 -49953 -13879 50127 -55230 20572 14009 3402 65359 17363 -25180 -951 -27853 -41370 -25219 25932 54909 -3752 -11089 -39636 57181 27067 1103 -56918 -34601 34857 23208 -28906 61300 24736 63353 34838 -8078 48327 6309
41267 -11795 28462 -14747 -28875 30725 21836 63243 3198 -34686 -64991 48013 -43614 38122 -34023 -64655 -20849 -49097 48624 -48820 17014 -21497 -59322 -18112 14633 -64994 59853 38915 -1217 3283 59487 -41987 -44350 -55241 -39586 28858
17823 20664 -26775 12339 -56980 -28257 -24504 -27519 23599 -10447 -42933 36265 31346 28768 -14278 -59994 24769 37575 -20893 -12039 -358 -2055 -29219 -836 -63028 -23079 -54691 -3433 23279 -59079 -34482 32270 61707 12844 7237 -65148
-18311 42992 -8625 55380 63834 59727 13991 -6507 19858 33925 51339 -11300 32584 -1128 54126 19947 56831 -24328 -60963 -43304 64699 -34469 -38456 41929 -15921 2362 -25598 16493 49887 -44976 4331 35681 -48516 -45140 -378 445
-50456 -38667 28723 -18479 -12700 -31635 44299 41016 -19153 -12898 58177 -9836 -7195 -10118 -56166 -13820 -10909 -21983 8702 -21968 -37499 48599 37958 42248 41259 9105 -39754 63782 -14232 -50543 26586 63272 13274 9048 -17389 18323
17536 -60185 -25307 44788 31658 14397 51930 -1378 27520 -11864 36138 41248 -19230 62526 45163 27573 9428 -9854 11968 -41243 -13691 -52494 -42472 28451 -2974 42014 -65208 -35369 -36240 -29995 22820 -19036 10102 -46672 59125 19233
54718 25340 33585 10351 48940 37650 -6760 -44241 13099 28373 -18476 -61460 -41619 54592 11497 36581 35489 -1674 1297 5025 12877 -36350 -5648 -2048 -62455 55010 62843 -11485 -1287 21456 31014 -6711 9032 -37740 -63122 34610
61668 57258 -5976 60707 -4364 62159 17183 -63877 2954 -26351 49920 8804 41819 -40272 54436 -741 45035 23574 6885 2144 -32500 -30461 36831 25443 -15923 5605 -45214 -59359 55583 61104 26264 -26197 -6665 57757 4790 37627
-9893 -6163 -14328 7043 58211 3865 40129 -42018 -1961 -53160 35108 5054 44920 -13054 64004 18182 4217 43028 9213 -26146 14305 -22062 26326 -61433 35821 37306 12271 -35433 23730 -50954 33063 15310 -53640 -53596 -60012 -56423
-31996 34985 -7921 21361 46771 32435 43076 -36368 -23651 -31097 44448 60768 53763 -35070 -25954 15234 -5411 19049 -31643 30332 -21598 -21691 -8067 18985 -32515 11793 -30045 33159 5016 18103 58240 -3656 -56408 -58731 -18339 -635
29148 -29897 -32944 -7520 -50933 -31085 -8064 -18234 61194 -46841 -61304 58168 -63500 13719 57289 63231 -14013 50575 -7199 -47125 56771 -47897 -11636 -43941 12629 3625 64677 -47393 20027 -8285 -34991 -5330 -12020 34895 9723 57517
-24586 27557 -8351 21898 -26353 -61867 38059 -60826 -13742 -28425 58597 44239 40401 -44086 -16656 -61476 13766 -59970 -42056 12123 -63460 -28044 56651 -54457 36707 -42348 59841 -28385 40862 -57025 24289 -19886 -13993 -45086 62142 -23259
-43310 46425 -54046 -63822 -64450 41373 -1975 9511 64512 -16179 62960 -33840 50827 -37921 47625 35369 41984 -3866 42653 -52937 15484 -64876 -4840 18571 205 59202 -43163 32329 21970 -36728 17057 57158 24324 53772 -60695 -11827
-42878 61830 -52554 -51969 -13400 18485 50018 -51219 -44315 -30536 -36609 3668 -31992 35534 23751 30670 11238 13965 -45571 -29258 -60345 65418 39438 14047 -50593 15566 -14738 14220 -50372 -58855 23441 41606 -37355 48645 61655 -32431
-14027 -41238 -33779 35936 -16977 29016 -55287 -13906 2769 18488 11973 -3363 37521 3995 -49221 22710 -15543 15188 57788 18640 -5832 1953 44565 43859 45549 -32158 -54400 -28623 -39164 -56923 40508 48360 39118 -40044 -6530 14277
26767 -2655 -5775 53723 -7755 18596 683 -18706 54498 64173 -21120 -10535 42331 -18292 38130 -58873 2475 33012 52996 -2168 8096 16708 42860 27478 -59724 -10401 51123 -53745 52268 61185 -60306 -14209 29937 22612 47337 -20788
-40325 7580 -46358 -4243 -4503 50433 -63835 -47746 -53853 18869 -21649 -45381 28356 -39123 20451 -54508 -589 63219 14451 16930 -48526 -62450 50055 6122 -22611 22880 -13727 12667 -30411 -22082 57139 64985 29270 43972 19959 51267
-36151 -9922 -37095 -5652 63392 -1422 15028 -63495 928 57540 39702 58802 -50934 16942 -7853 34837 38786 50148 -9257 20911 38176 30883 54890 -17481 37689 11797 41885 -50105 -47311 -44382 37497 -33334 14017 -44412 15746 -53476
-60098 44564 -60565 -38389 62147 3938 -55441 -28455 -3757 1752 23807 64371 18905 -5319 -44277 -37250 26323 18455 35274 12663 37820 -61528 43184 1613 -48706 2181 20791 -125 60967 12290 -53932 -36828 -38287 -50470 5141 11798
-49904 -63982 -48676 -19151 -1303 56255 12026 9551 27703 23491 25156 53584 26344 -47211 -1613 63135 -14449 -28937 -32490 -27536 -53502 29842 -29879 -47396 -28211 -40588 801 -7539 -59114 45805 -31226 14435 64081 1114 37192 34547
5066 -11246 42183 27288 13946 35598 214 -55859 43409 -23917 282 -52784 -36683 9332 55971 -16567 13092 3386 -730 -54997 -1828 -34352 28172 -21988 -12217 50846 -36970 -56231 -4209 15579 -46267 28793 -6688 -32611 -14823 30191
46141 -14265 14858 18239 58811 24994 50007 21650 -58968 -42315 48692 61641 -11955 -16045 42780 -27452 44077 -46493 53166 -53206 -23013 -6234 -55511 64798 -13323 -3536 54284 53020 49442 -14547 34023 -33301 26731 -2564 -62240 -51240
-37873 -31267 -51413 17126 -2135 -17112 -36038 -47666 -37884 48026 13345 -64265 63710 43604 -7590 51435 -46303 -46261 -32409 22613 48644 62242 -13197 -22304 -54823 -14707 45601 30582 19097 27048 25091 -4245 -26783 3860 63524 -20185
-3836 39443 1837 35835 21112 62210 63612 -52387 -514 21300 48211 46085 34858 -56682 10583 -43730 32085 -48365 -32383 56466 16361 -12312 -54435 -25946 21658 -37419 41721 47415 -38285 -55749 -6189 7196 -15169 43360 38996 -5784
64533 51168 23244 -9700 16981 -28088 -14081 -1270 -51282 51646 38483 62437 -39792 34242 15337 -426 64509 37081 -63135 59039 -48880 23906 25367 33585 57959 -31739 -19046 6984 15636 18529 10386 41555 63357 24713 -22263 19163
