-4548 -25374 235 11591 3490 15106 -6128 -34223 -48704
6270 58434 24773 30012 26145 16055 -59533 4478 39517
49564 9359 -2109 -2916 -28388 -33878 -47574 -27826 -28446
22947 62925 28412 -32423 44425 30275 -20116 -61120 -35459
-36118 30997 20271 -14718 30694 -2615 -39469 52778 10404
14665 -43352 57496 -56313 25137 53397 -1756 33421 65167
-22657 -54711 50508 40838 50767 27680 5236 -20767 40035
-39557 -46496 44170 -22132 8986 -48894 -44664 -13517 5757
-35551 -54786 -51947 62971 51617 -28613 60092 -47939 45678
-35859 -38776 6441 -57829 -18912 47356 -17523 -10453 3606
-61609 -16692 4954 -50637 14838 63294 36062 61614 -54129
-13956 -1454 32249 51213 -59651 48926 -25544 -49305 -39784
-35297 53222 54475 -46178 -9570 -2082 12315 1406 55006
-9126 6380 59716 -58425 -39 15300 24213 37571 12653
-21141 -64738 31047 -34844 -28102 -47514 32771 9967 58190
-247 -27788 -15109 -54994 -54391 -45664 45797 9139 58379
-17142 -49153 -56225 -53195 46979 19267 63824 60828 18078
14735 40587 -568 2667 -43068 23922 -20555 1600 15687
11697 29670 -64380 -9385 -53885 60935 55159 57703 42716
18724 51382 -4101 -22924 -7311 -25225 -55264 46291 -48516
23915 25400 39457 -7351 19178 -56332 -42061 -4493 29828
4499 -56245 -52667 9972 -29896 -2360 -62263 -6224 9573
10425 -38672 -28854 -14453 43537 49466 -14800 -50675 -43414
-24516 38093 -56639 -64804 17066 52078 -43772 19723 56193
16519 -19384 -41321 47770 -48519 52206 56939 16862 55244
1920 -37771 21238 1188 9466 -49013 53368 41209 35130
-43748 -3690 -62465 -45091 51519 -45421 -39598 -32952 23656
-21335 42202 7365 -1394 40456 20002 -65490 -56461 63659
-19586 28939 -22426 12103 1818 44029 34583 -12151 -28809
-58100 14815 14661 -50835 57924 -19103 -20166 18518 -22705
-54541 48702 -28166 -7401 62536 10444 61078 29220 50197
15953 -23622 38963 57662 20221 1604 65211 -47467 1529
-44930 -36516 17072 -28351 -35347 -60771 -55657 -54324 72
56451 63763 -25913 -8784 35507 36620 -27942 -48820 -51239
-51850 -44779 33931 56698 41779 -42897 -707 29078 -11206
-49024 -49241 -64383 9336 58767 -52491 32091 -21751 4247
-34517 51518 55191 -12224 30479 31565 35151 9994 -31156
44462 5596 -2210 -10566 39434 -13806 -58551 57709 -33034
13392 -17724 40434 44642 5057 -60256 -36927 -23007 18608
-15952 -34262 -10476 -5712 -53821 -13265 56985 37055 -43067
-55352 9489 11511 64792 48983 -1222 -57824 -7673 63728
25002 -15932 -19137 -45535 32898 -25487 -40103 -17366 56113
12978 32036 24837 -46486 -45994 -49949 -48754 30106 -38235
-20216 14917 29674 3852 37449 27524 -55549 23580 -33287
-27885 10681 28117 28871 10392 -30789 -20637 -9145 24945
-48189 -44564 -58999 38237 26451 -27243 -40372 65342 -54932
49865 -5357 2058 -58590 52119 -6421 17937 -24885 -56560
31431 4893 48510 23454 40868 -52744 42050 14240 8619
3030 33789 -59359 24087 -6017 7407 4326 -22953 64384
-47657 -36960 -6932 30307 12674 25426 36450 -51916 47919
-34279 30325 42070 51518 -59054 51026 -3714 -40645 22277
48660 21307 -65501 -55409 -21718 36661 -8863 -45456 -22311
56176 -41242 35790 -25867 64831 -15030 10614 35914 -17795
31718 20711 26185 -54432 4060 -30412 55353 -44431 15098
-24372 15383 -32151 -37567 30502 -63986 13103 44077 -48350
-9329 54433 -25760 -38101 -47352 31572 38005 33082 -28211
-8853 -39307 -32159 -41839 24746 -40325 36644 -34813 -33665
-35466 4609 -46741 19953 27370 -30307 32980 -59523 3950
-63372 -27471 343 -62130 39418 20449 55092 -43841 -7740
-28049 -59108 20331 13587 22772 45128 9205 -65172 1193
-27503 -21536 -11839 -20441 17931 -13494 -17665 25361 -45466
48460 -51418 -45924 7718 -25845 40050 -57810 -20818 65443
-53815 34330 12608 26877 -2653 -22668 -2813 44125 60739
-17318 -63915 -51000 -15730 5317 27496 22154 -28792 49812
-63998 10126 -38585 22851 -46986 21280 23272 -3509 -28765
35742 14482 -59936 18949 28792 53198 18072 -60230 19141
36454 2 9993 22101 33102 14215 28758 -24715 27682
42796 38184 -33796 -47656 17390 -5220 -19507 -40965 19289
-10816 -22216 47062 -19779 -24184 -32543 -28724 39083 19521
4049 25360 -31892 63954 16775 -65163 -28714 -37373 44425
38197 40413 -10070 54451 -35417 16971 65529 -16526 -57500
16424 -64781 -40071 8467 55262 7706 -20586 53697 36278
56042 -26209 -56432 4433 15160 12153 -31536 62565 -49741
-53249 48244 -20775 -21903 16415 31257 12201 -63940 -44167
2981 -15133 4332 13331 48568 23573 -10556 -3306 -1135
-20658 27603 -16099 -39062 60830 3490 62873 20070 -45582
57698 20234 47490 -43064 -62788 15536 35286 8410 -21492
-52640 5099 -32521 -56968 -51096 29206 17954 48743 34953
-44873 25648 -9852 -63051 -56923 -17343 12506 -1156 -21761
-8732 20133 -60864 27499 31328 -62509 31628 7925 -35332
-41968 40608 -15882 45431 36588 30276 41955 33137 12327
37995 20832 -10539 46653 -13176 26497 -13428 -16741 24242
-482 53555 29124 -3681 60553 42551 -45988 -11270 15885
-44714 35604 -8701 -40860 -44262 -29267 -20868 -54732 20444
18023 10856 -3768 -415 54089 56389 22730 15606 20722
-62278 30456 -54257 4575 -64362 -30077 -22087 -12916 61016
-51777 57018 -38969 63897 57527 -31171 3431 -36135 -5477
-51524 40466 12153 44638 -49502 10789 973 63834 -56264
-16086 -61100 -9235 -47327 -29880 -61312 41843 36612 -25882
29508 -18684 -41219 -9744 1493 -57989 14051 -24171 26144
-60217 2182 -8423 -41109 40326 -49057 -8573 40011 -13037
62235 -24282 64223 6147 39866 -63532 -18078 36645 -16212
-64074 -62906 -25310 -34853 12555 25114 -46960 21062 40080
-33289 6154 19035 -17699 -20664 4527 -40761 -37705 -10710
61517 -47429 -24954 29120 -53556 -47988 -46165 -11864 -11595
558 -5635 -34690 20055 -10272 45739 -30881 335 4488
41072 -7505 -40093 -44669 17826 -60223 61153 36122 -28194
-10740 -1895 4653 -18875 64214 12882 25908 10193 33251
-32896 -7807 -5896 9517 8620 -2731 -47082 -10954 -3549
-8544 2850 28215 -27238 -36680 -28768 -14059 -17692 48596
