-33165 -7607 -36244 9753 -54146 25668 65526 34832 7931 -31874 28184 54681 -48291 7822 -42829 41994 60856 -55980 42341 -55650 -57489 60325 52685 64695 38941 3068 10313 -27719 7201 -19087 4862 33788 1697 12192 -22633 51713 -51068 34296 -14704 -38883 -57451 59646 10137 -29071 -51468 -3198 56122 11143 52832
14297 -17182 -42106 27847 26613 29450 51311 -6408 -47922 60752 3816 57391 -41342 30816 7575 16068 -134 -3386 -30644 8923 -2587 56214 -3152 -62201 -17647 -5697 -9034 61501 36032 -4262 -14725 -31616 14587 39270 -28490 25937 51379 63996 42167 -40579 8333 43189 -23603 -31034 60028 -17724 -1091 -3671 -34770
-36097 -22573 1941 -40359 30473 -19677 26875 8469 46009 -24230 36921 -20785 -46251 -16472 38937 -59136 33962 36542 -54667 -4807 5105 51945 -65503 -48372 -42062 11146 -37325 -52201 -58226 -58326 62456 36958 -18066 -2610 40913 8276 54244 12278 -15946 65436 -815 -53964 -24794 58694 36141 -28777 5698 39846 -19336
43200 -58655 29974 -55764 -6966 29816 44518 14566 63347 42013 46688 -30231 -4696 -20472 35882 -42126 51734 48995 -23593 44438 21359 8584 3040 -24270 4748 21060 -58839 3660 -54241 -34222 -16813 7112 -13060 -8399 19975 -21242 50228 -55094 -21715 -9210 -18005 61541 29375 54083 -29874 39370 52928 -55602 26084
-14667 9575 24758 -61610 4293 -62252 56182 11605 -36546 -63681 58095 -4874 31083 -39063 -17976 -62868 -62267 32743 19270 58138 54982 52953 -57870 26233 51071 61558 10891 -6452 -22417 8639 -39680 -54972 -14974 -57897 -56674 -63957 -18803 -26568 59508 4274 36683 25200 -7014 -27478 -62133 9409 -36917 -52351 -53916
16780 -21490 -47724 55201 64898 38075 33194 37098 7792 -12436 -221 -43943 -25862 -39802 2614 65455 44758 -39445 -44913 -35932 1261 -41858 15575 -14092 -1754 33867 51902 -52277 29978 4042 -3014 44801 53690 -53995 57181 -39019 8763 15611 -57135 47625 -55787 3047 -61844 4604 -392 -2201 -32680 -40274 -61512
24864 12212 -56302 25000 55503 -63911 55200 -28699 -14205 -32463 -54938 51167 -64653 -42571 20299 -4963 40777 -62370 -50114 -29574 51921 9533 -38703 -7866 -31245 10230 681 -34328 38858 15522 -27099 5013 27645 -52609 42907 8154 -32889 29274 635 1286 12401 49130 -15632 994 -21317 48569 20059 25794 -38688
-26944 61964 -7435 8955 -64967 -27123 -37982 -27451 42249 -4414 -8630 4706 35384 -34501 -29992 57279 -53969 -24356 37635 16389 -32996 -30119 -26273 30928 -17333 -54106 -28871 -11675 -57153 -4376 14487 24930 -36758 -23058 -4140 9093 65065 -37866 16443 -45441 -60895 16930 28784 -41413 -38551 61850 51411 -57744 -50265
15079 28762 57545 -55190 -35564 7163 -43894 -48953 -38889 -46545 -56695 15374 -10962 -37183 49908 57034 37605 -64223 -39580 21029 -25438 -16606 -57330 -27181 1567 35966 39367 -59308 -11591 -12169 61852 16222 -64647 398 -26131 -37739 -47401 -21581 -11680 -43828 -6243 -20398 15641 -33670 -36124 -32340 -14191 34720 14057
-49571 4964 57081 -32924 45092 16020 -31879 9232 -24228 -1065 2538 -33013 7777 23948 16861 -16181 -30898 -59991 38580 -63673 28393 -23768 -15325 -19155 39225 -29772 -18016 -6376 -51700 11855 -6020 -55374 16248 23097 -25304 39560 47633 41898 -25904 27180 -15854 28400 45266 -49118 -1329 -27719 -12428 -54348 22765
-23497 -48506 18467 -59604 -55510 -51509 55714 21640 -23733 -64938 -52210 53326 19214 51023 -37280 1785 6938 13948 -9072 58303 50819 37201 -32927 -51791 36644 -32377 40684 -57988 59133 -20188 -13124 -18904 10170 50051 1528 13684 3802 64228 56617 -8820 -44307 28208 2960 -2917 28536 10005 -40330 52245 -46282
-36389 -35788 -47225 32665 -37147 -5346 -6985 -14323 -5114 51529 -52736 40986 -24512 52183 -35793 -15909 -45259 -38580 -24346 -56932 -10847 39141 -53025 -32122 32678 51644 -18073 168 -47960 18045 52659 -1515 -10130 34293 42435 -50818 -2452 24866 56062 -7118 -43010 41384 273 46958 -48406 -49602 7980 -5948 39339
-27498 55215 -31768 -52237 -213 5776 -59068 -27478 32696 43073 -10431 -26820 43404 61125 42856 24975 3581 64183 2632 25367 -51712 -62354 9836 23938 -42427 2894 -18221 22696 34244 55344 -63416 9351 30470 -27920 -54971 8699 49683 -982 6507 -38113 17622 46347 55195 -24949 38289 -25842 -4070 -47457 -55982
-5484 -36671 -37651 16936 -47437 10856 -30509 -10320 46831 -13000 -60945 -20009 -52829 -59932 59569 48108 13781 14704 -22004 61681 61589 -13315 9339 56352 -51238 -27829 -27929 -7399 -38217 35592 -62984 -34799 -14921 -59935 26052 -28906 -44800 -21277 7959 -33993 23052 -55710 -31529 -23486 31235 -3631 43029 6317 -4806
-6445 21485 -50259 27408 -54165 39531 21883 -43978 -43876 61846 -1749 41795 -1564 -40639 -64305 5387 -46681 15534 20766 49067 56553 -22951 37527 59567 19797 44077 41907 -53404 16228 -36878 -10807 -13857 2585 -26483 52241 36650 9083 52696 -61747 -51203 -34469 -26056 39698 -6109 -10954 -13938 -61649 -34310 27298
40613 -22817 -7699 -32307 38625 33905 61718 -23107 -59042 11288 -25918 21526 57857 42964 -43231 -44127 11391 51224 -39604 39351 50933 -37271 16266 52582 -38240 -17658 43807 57785 2675 2575 61375 56522 -52762 -44021 23909 -111 -60360 58915 -49148 -22633 -40136 15012 -45605 50604 -61465 -13620 29866 -40158 -6907
-34285 3478 -29325 -35887 20626 -10214 -26526 49347 38649 -55851 -59607 -33556 8286 -55721 24908 -55812 -34607 -12190 -24117 -41899 -25807 3009 -50452 -38491 -33587 -16462 37112 15795 14856 46628 41964 -35196 -5180 -10232 -5217 47799 -5075 -42235 -37188 46226 56737 -30518 -31270 52765 -42779 22665 65416 -19628 -34061
-49134 -54835 15306 -5736 17938 51676 -466 -16008 -55361 41470 37334 4365 36939 7036 681 -56435 -36854 -30732 50250 58155 25102 -16577 35276 29407 -61880 17950 59859 8353 -46714 -10870 41724 -30732 63837 49644 -49160 57889 -63130 -25924 -52495 -17626 54309 23402 -44754 -12317 39901 49089 587 -60014 57333
-44286 54906 9243 49671 -39561 30511 -41988 -45170 -62886 39699 -46291 -26414 46058 -56033 43162 55970 -60791 23559 -12750 -20365 44005 36315 -30150 -28541 36360 -19935 35146 -23543 -41606 -49203 -35074 5450 14679 15917 -490 53124 58107 37419 -55966 -46670 -17302 48766 32919 31618 42300 -36756 -46803 -18479 30093
-13828 2114 4689 -34588 -47066 -61942 -22533 41117 17327 -37708 48597 -5318 -3766 8533 -4337 63804 -44161 -31487 10153 25426 15029 6337 -46294 65049 -25760 -53508 41764 37090 13271 -57776 -20891 46730 -28610 -46813 22931 26893 51862 -64771 5167 -35519 -23586 -1694 628 31811 -54336 3757 -62441 -7880 -64090
8899 -17318 17876 44764 25059 39545 9284 -24058 45098 65529 65222 -62384 -25233 26356 -40894 -45672 52049 22186 32076 35638 -33673 -2551 56339 39197 -15192 -2951 27449 -26358 16675 22121 -36899 -29914 -39212 -13982 -32489 38760 -2971 -941 51370 64319 -52963 57524 20622 -63110 28896 -24283 35742 49181 13889
-45227 2873 -48967 38369 51340 -41232 33815 -51559 -33230 -47478 26938 37621 -28152 8947 -28429 44176 5683 33046 24066 23588 -64680 13058 43426 45066 -12295 -26793 -55911 -330 2707 -4369 36846 -10206 9996 65344 -59557 -58163 36799 -38565 -40869 -20262 -53085 -60213 42727 56495 19346 -38530 33495 -23724 -38757
30928 44760 -23701 50574 -62386 -28756 -3908 -37740 -53391 -56217 -52726 -33704 36098 -26717 -37143 53995 35658 31036 28141 36188 -45972 -9910 48189 -19822 32807 -58155 25965 -10871 -28202 18361 60019 1528 -14494 -64755 -20017 35728 41697 58790 36197 -18303 -55400 18099 5066 -42134 -8585 -37269 -40573 -745 55790
33290 -38604 13051 42920 45239 45819 -49546 21497 -35553 17971 -23202 24181 33302 61590 4687 -55611 36553 -20961 37951 -21661 13689 34233 -5391 -8678 -42743 -57513 31635 -38025 38205 -22671 -17464 30295 -34450 -39715 -16213 -9074 52269 8615 8986 -997 -58811 49389 34105 25667 -21778 -5274 -22258 -8068 -6459
-64059 -17084 11981 3821 -10364 -15951 42904 -54643 54425 57203 27228 59801 26432 59818 -29507 -31861 -5478 19048 12978 33496 -60537 59383 -7495 -6161 -27433 48800 -53183 48598 -20590 5522 52883 9210 -9172 -15987 26836 -57470 58778 -14670 46396 -7092 -49620 2393 11747 54852 45514 -34408 57385 -1254 -32817
42936 -17301 -8982 -26520 42355 -58306 -51777 39242 28849 23514 48467 -27592 44338 16064 -56626 12002 -21750 -56723 -14666 23925 34013 -32493 -24020 -62895 25620 -35774 -41289 -44055 27766 35847 -54611 16446 -3550 -2383 -53878 61294 -27854 14095 62965 30473 -55632 -47768 -2630 30584 64521 42830 -56879 -62884 -29303
46942 -55055 1748 -28001 58959 33079 -15408 15798 -49966 -40345 36824 61593 30073 21573 47722 65334 -34021 13265 -5343 51286 47070 23740 -39304 26237 -34414 -61287 31625 -52721 31448 -36091 -17117 -57296 5081 27316 -52252 -53348 -47626 -8277 -34318 42884 -20279 -52613 56775 -22410 -55871 -63723 28936 -10310 1804
-51054 6276 57219 13754 28278 59418 -11564 27236 50214 -59951 -30972 43704 34605 11467 46932 -50258 44421 36203 -28523 -29182 -57034 11646 48882 40330 26173 -7260 10712 -17968 51398 14814 25153 2003 -21774 -65522 -57056 49680 48143 -30638 50902 56584 -15726 -19472 16885 -37461 25650 31504 -31521 30378 54719
-44155 -53071 23611 31502 58187 34923 56904 11163 64532 51057 -7567 -60808 -21356 -38383 42495 -45526 -46794 -63595 -48453 -14031 21123 -16370 37452 39908 -63750 -11586 -23950 25959 21202 1720 -30639 -62304 52824 30579 28137 -57362 -9158 -2348 -21506 7747 9285 -62413 -22929 -27387 54900 -12773 -16342 -24901 -27502
-46904 17495 57418 10744 56004 -10695 -35669 35190 55958 -32854 44016 17199 50112 44682 -28867 8370 5292 -12591 -31953 -34468 39194 20914 4018 -2162 1813 -30467 36455 -46222 59425 -56002 65332 64152 27178 26240 -53437 15510 41784 -58456 -30394 50433 -9014 -58029 46435 31489 41273 -22014 -64133 -58070 -14594
-8449 -10190 -3168 48439 -18725 22131 -33689 -1449 -41857 -4788 30111 37417 57651 5950 -55629 -63874 -7382 43034 -33497 -26774 54459 -49849 -1384 -60706 41589 9496 -44541 49163 -768 32202 61499 54723 40734 -15724 -43954 -36285 29968 -44112 22009 -39637 -9346 26540 -60717 -34625 -25210 -58133 -10730 43236 53567
65221 -39913 -32351 -4567 -39447 23052 -19790 -32576 -62330 52388 -59496 -59014 20309 -59183 30547 61576 -25093 35240 -43882 -16658 -47261 -59798 45475 -59741 44977 20926 -9661 -49317 -57134 -28550 58753 47508 -26470 18521 64107 -10021 -52328 4115 -22936 47901 58154 -38176 -28488 -402 32878 21082 -49925 8801 33894
-12607 -6735 -2277 -15917 21703 -46356 -63211 -65430 64661 -60862 -34772 -14702 -27735 4586 14144 675 -28552 -42924 -63728 12492 18556 23895 47955 41692 -25962 -54464 15504 7214 33725 -13168 -34377 42099 -60265 56044 -44245 -45613 59951 55310 -21132 38326 -2 -15410 -37725 20694 -8351 -9706 10315 64025 37950
-50526 -33257 -57231 -41280 -60912 59347 40389 -60793 38365 -31071 2149 50621 -27842 -61971 53240 -11566 -14208 -26320 -41603 29643 4142 24880 -57503 -27829 -28475 6936 -12225 49422 46373 -28795 -12591 -2576 -39857 16794 26686 11527 21830 -54615 -57317 -26300 26112 40775 -25377 56776 -38697 -5554 58481 -11406 7912
-27688 -37031 -43742 -24847 3692 24462 6683 21392 23231 12112 -61229 15704 50626 2016 44875 -45197 -40381 -22921 10031 55774 -28105 12084 25250 14148 37963 -24929 3440 42960 63041 -64781 40849 -65472 63969 63940 56566 -41570 29540 -39719 -27278 -13108 6477 -6650 45948 -19118 -55163 -54480 32608 40270 -50195
-41405 -34505 -18311 37611 23982 17563 -23981 -47809 -1501 -56419 191 -14336 33326 -58702 33972 -62901 60994 23697 3000 31959 20088 26407 7401 7970 63523 48569 10121 -34764 60072 -9154 -44721 56470 37086 60315 58150 -15462 12071 -35745 -23453 43185 -48038 -45106 -22674 27139 54009 10240 5360 32897 -27326
38434 31386 6280 -32965 -38320 -43739 -63839 -46277 -59112 60148 3387 47524 -29935 -47819 -41728 -8115 -59591 -20375 1949 16748 24269 -17775 -51537 -21766 -7905 -61178 16464 -24005 48123 -51331 -2777 -50041 -37697 -39407 -16496 44001 -48336 27379 28794 64043 48407 -64459 19585 23038 28087 -12419 45561 57943 -6426
-34998 -9616 -62450 -23857 16452 -52538 25114 -51825 -53619 63080 47071 21090 -8284 63522 64374 27921 44783 13643 56290 -8446 4284 -29653 -29417 23648 16022 -37842 53892 45187 -64362 -35291 47716 64267 -15473 10784 -12377 44921 1309 15085 53437 43172 48445 -13364 1564 21868 48974 42191 -43621 44778 -65160
20205 26535 19718 -55660 2510 -1416 -26123 -1849 39254 54282 -38158 23003 -31343 -24797 46002 -38841 -53557 29179 -5977 -14173 -58797 -51912 -8582 62068 40306 -21777 24222 -56200 17031 50765 -47179 36527 -9196 -42424 -5122 -53103 -42036 -11648 -4395 18313 -36951 15659 26581 -34069 22752 -34885 36180 13663 45962
40030 -61178 54136 -5543 57117 63487 44781 15417 42281 13005 -44825 -63402 39889 -37662 -62135 -58875 -59491 5407 23700 12022 19886 -50431 -2154 -2727 -17116 -10793 1477 60557 17771 -60583 -10627 41025 28789 -25893 -29965 409 6387 4617 -22641 -29847 -22155 45911 -42911 -17381 -61971 45253 -10892 -37778 -62562
40615 14389 -49537 -27878 -60056 -64012 20683 60166 -64120 26387 22179 15473 48315 -17684 -21247 46166 63116 54541 -17592 44790 11308 -26583 -41932 30913 -25971 -23616 -24035 48732 -45680 48793 -61182 -210 44386 13584 55525 -4070 10986 -16310 6579 15845 6339 -33928 -16868 44812 -35489 4423 14550 28932 -1972
63773 51446 -46141 -30265 28513 -38804 -7927 -50160 -63791 -7784 4901 -44713 51019 -16610 -10285 18347 -5533 -15054 12574 9044 -670 14005 -28509 7146 333 38287 -35633 -10795 -27409 -1284 -51448 35233 34069 29706 -15298 4948 -23669 -49573 -59038 -27545 -13070 -11146 -56547 -6504 50922 -29293 6672 2868 5969
-2640 39763 54625 -14176 -46149 -13050 27696 2145 -49805 -5183 -22321 -49438 -4296 -29582 5869 -9420 -53857 -21821 -28479 -33847 43858 36255 -19447 -40711 -26292 -32234 57804 -42046 -23589 39197 52755 -51922 -50534 -29290 -13126 41931 42135 2366 44340 -25910 51670 29950 -20671 -63698 -17929 60055 -56392 62232 65348
-8060 -28218 -41232 53984 65293 7337 55619 -37544 9377 -50198 39289 -11363 -1280 -1971 45873 -39101 -33856 1266 64642 21903 39382 20392 42099 30745 53811 -55813 40533 16530 49711 -21309 -8761 62774 -44973 -7686 39506 47669 -48654 60754 7303 40260 43228 62262 3973 61223 1892 17568 58762 16411 31831
-13223 -8761 -40510 -21013 -31590 -39167 29178 7138 -35197 -39096 25102 -65254 -35886 65431 -47098 58907 -47000 58696 1964 -49050 -38721 3169 -14692 -44397 -9485 -40536 65231 26599 -8737 27162 9115 23790 -28739 49733 -47719 63010 -11092 -15368 33479 -33118 -60512 52695 44203 -9823 -43782 21463 8191 -40040 63073
-7926 -63691 -61152 -5554 36751 8224 52195 37733 -53371 -55140 -61767 -44075 -11212 42878 -61003 51053 31178 -6792 -43450 35594 8269 25911 27817 -38136 8099 52874 -35438 -50622 55820 -32368 25179 29498 -40816 45359 -37481 43968 -13223 -48654 20517 41573 4308 -2919 -53315 5781 -42441 -34124 -16217 -13557 -8338
-5948 -58241 9239 -44031 -7771 52120 14579 -25884 -3182 49542 -30991 -697 -10689 42101 -10408 -34479 33406 -29874 -62855 -54115 51416 -58952 38976 -54222 -20502 44081 32933 8505 -32794 -64467 -38823 33001 11803 -12052 16417 42023 -62342 -43353 -52003 -24688 -62895 25122 -38535 -58416 -11907 35215 -57222 -31931 -63683
56531 62703 8744 49850 -64483 57878 59653 -12834 6230 -64882 -55603 10092 -6383 25446 23980 10000 -22618 -2638 -63023 -3405 43757 1196 20177 -43455 -33195 -15391 59700 -25267 -48314 -26421 -5416 -37715 -39189 -60316 -7358 63938 -31167 -59328 4827 39675 -53675 -688 -15836 924 11291 -44283 55527 55910 56838
18994 574 -23599 16741 25428 -32226 52579 37082 12534 -49157 2325 -9141 10495 -20621 -22067 -45165 38385 -20443 2179 15712 -47872 -11410 1802 48534 -26799 -17789 -11860 -31215 9047 -21261 5167 62446 -26618 -56335 -19433 46234 30802 2543 12095 36983 58514 38185 -34164 24911 -54478 -53330 -5100 4196 17432
-62793 -1715 -1594 20823 -24779 49578 49371 -54749 -31556 -49407 43765 55522 -37849 53040 16424 57491 53689 -42949 43351 34647 -49093 65043 -43378 55457 59098 -10062 43539 -38361 26373 -48008 40670 -53817 -12136 5917 64742 -52035 63480 -29482 59712 -23594 49656 -39585 35911 -65094 22012 -36493 28050 -6730 -25177
-35788 6444 45264 -61081 -11984 30145 29271 -50625 29782 62194 -47666 8968 -46127 -44128 23572 20590 5721 -63244 44688 17331 45749 43440 -60414 -47691 1361 1406 -35326 -27030 -33897 2012 -47557 -36890 -15203 16663 58397 -55167 -8174 -36306 -56790 -11104 -28438 22551 -7582 -9312 35505 18821 -48791 -28801 -23927
-29397 29224 32222 -9239 -7060 59744 -41350 -59386 34802 -31244 -43927 -15096 -36094 -3397 26620 -10772 42543 15447 16639 -18124 -63933 -33891 -61972 -58161 31000 21039 -34041 34629 -29668 48602 -63011 -63410 54680 -34656 -22083 57813 -56123 63710 62173 35404 -26888 -51519 -37299 -38713 -1487 -23478 -28299 24863 56487
11379 8169 64518 -10219 37008 23088 -42904 11106 24529 -22153 49884 -8069 5455 -46815 -4717 61354 12362 44444 64564 29164 -4151 -44436 -16287 50312 63351 6160 -3123 -53115 11861 51683 -59833 30722 -17980 -15517 59937 45861 46136 64071 26072 -45267 -36287 -27164 26164 -22206 35405 -51148 40942 29812 -12549
15454 34278 -46182 51910 29757 2153 37970 -31300 -29840 -40647 -7554 48097 -34545 29732 47841 49697 47339 -41585 42397 11998 60153 64688 42161 62576 46192 23258 44963 -36543 29223 -5515 -4066 37825 -6463 -14706 12810 19041 -41283 58690 -65337 -35398 -62676 -56711 -16035 -40835 -18349 -32735 -63231 56474 59477
-24040 -15409 -875 -32580 41939 47534 -10460 -13097 33261 29108 37578 19496 -18654 -9785 -41313 -64949 -12134 31134 22412 -59459 54433 63282 -9877 6843 -10897 -43730 -55220 5488 -46867 -47633 36252 37379 39366 2054 16181 59994 -38732 10640 4530 43640 55270 -60752 -37966 781 21027 3748 -43330 33107 -938
1102 -5497 -26164 -59242 -21016 34592 31587 27482 59817 5625 -49943 32370 -53993 -31772 -47414 -48192 -36646 39454 20593 20813 -21892 -13690 30172 -27545 -57294 53563 26701 18330 -31855 12685 -53955 -8073 9817 -24887 6930 -11977 -62141 48868 63943 -55458 -17840 2530 371 -62469 -29056 43207 -35468 -44280 10236
-35943 38513 -17058 -39444 44418 -26307 -11855 -28777 54407 32738 38632 4235 -13589 -11188 -15758 -52170 -57205 -39572 22206 3821 2349 17391 -23269 -43417 -43670 -57405 -59953 -36429 4055 33966 -4342 -23541 -35274 53219 20789 42269 -52431 -40132 -32311 14676 -55149 -55377 36807 63022 -52736 -30327 11619 -11908 -64202
-26290 1278 11735 -59553 -48064 -49143 -39908 45138 63513 41941 25951 -24114 38463 -6616 -35297 10871 8392 -65273 43039 -47282 -9298 2877 59869 -46463 47005 49731 23544 47886 -14748 54439 -17985 -64193 -40523 47120 -36267 -65370 -27061 -29734 -22117 -19271 35845 -65321 -54883 58866 53191 14094 -64469 -12712 31267
-58366 -63126 -57358 13921 -16221 52899 -3509 22488 -20801 48582 -20291 -51706 1703 -38282 -34203 25156 59764 -5508 -54202 49293 -63098 5683 -63197 -16085 58138 -7978 -3218 38767 27795 -17213 11508 -17530 58850 16633 31906 39342 -28154 22104 28941 62786 64126 39760 59939 13744 35595 -8817 -40334 -32435 -30443
24674 -37040 -53828 61468 -20344 62300 6911 -15171 33727 -35213 -4227 42655 -57962 -26990 36458 -53616 1605 -26747 -39814 64472 -40872 -17930 -62111 7584 -3065 52619 510 -15994 16012 -26535 22918 17553 37961 -21658 52914 -3792 -65069 65487 -36284 -34268 -34740 52015 -35848 61018 21841 37450 -16427 47313 53257
43380 35908 -6480 -52692 -182 6292 -55467 6383 -48080 -40529 5910 -34909 -16571 -44614 -28674 -2560 -38663 63750 743 58192 -2710 -58359 62212 -13822 -308 21221 -587 -13859 49797 -10849 17123 -37140 -56778 -14629 36562 30469 -25159 26304 -29910 -47890 -5590 -65369 -65397 -56401 12190 22937 9853 25162 -24151
-3991 64032 -51743 16383 -29961 -9338 21554 45111 45105 -60577 31409 56713 -60628 -7681 53534 -38412 63751 17871 -33897 47590 -3881 -26515 -22205 -64970 9819 -40726 -54761 -29358 -21239 9202 -64097 1777 16733 28608 -28208 -61203 -38350 -41193 60895 -48376 -55890 -41801 38949 -4490 58416 -355 32588 10469 46433
-58377 63165 -61424 21592 49877 -58085 -37043 -65456 65359 31299 -54822 -65408 34542 -45559 50369 6377 -26868 36073 14973 -36906 55029 36929 -25586 -55130 4543 50812 -41789 10414 21433 -19353 22137 40579 -22552 -9722 -5046 -3984 -43959 -19246 63356 -26143 13233 36226 7914 -60381 -50044 46006 16180 47100 4732
29512 -55731 -27770 -32086 -31491 52548 54771 -24278 19852 5882 -26596 -53153 51705 32364 -16504 21728 2754 58373 4716 -53124 -27339 -49127 -31324 31615 -6738 -19491 51650 -50016 40985 -29299 -63975 -42450 -13075 48340 20761 6252 38552 -54666 6897 44087 -56965 10039 30554 -55516 39016 49917 26301 -31691 -12968
24756 63863 -46472 55196 13937 -34377 -15442 16070 -20197 -30167 -52582 -19827 51642 41765 -22787 -28022 31696 -37325 52717 -22328 -49366 -61918 -26271 10387 53182 45498 -52971 -1249 56680 -63595 28248 -7023 1608 36542 -13534 -29159 -41893 4766 18125 5481 26642 45106 58136 -8960 -37180 27270 24499 -61830 -28138
60828 -24990 -49808 20039 -27574 34822 3059 -39513 -55317 -64903 -61373 24178 -64132 -61272 -15164 669 41929 -53892 -61377 -24831 -33126 -53523 65270 17011 35621 -65266 57215 -21193 -2554 -64492 441 -58948 -60946 -13593 19606 -13549 7895 39268 20832 -57190 63528 -4667 -11699 6021 -34861 24332 19799 25072 57968
-50417 -58167 -19375 57677 -49374 -20343 -28719 -47964 -62843 -45646 57212 11271 44864 -64555 -40401 -29557 17045 -30667 -36683 16310 -35794 -26708 36309 -49876 670 9099 -44843 33637 25871 26324 -37061 38476 -16570 42234 -60886 -58860 -26304 -61916 16218 -32287 1813 -60255 -61909 33917 -54799 53358 -8843 -15055 49309
-10500 15133 24207 -35570 -28568 64757 -60064 -48782 36211 -54357 -59900 18151 -43964 -59867 -42572 56502 -53146 20853 46959 -61149 -33421 -42709 -61150 8803 -47151 -29750 28347 -17853 -663 -32071 19539 18580 -11030 -53722 -44146 -19840 56020 26318 25118 -16940 -20432 493 -50300 31687 -36018 28734 -47015 -27657 -29832
-9991 -45396 -29668 -49441 -28991 32721 -38582 12607 61242 -23367 19318 -52956 -41951 -31396 25630 5040 39213 -47999 3666 46372 41242 48824 15808 -37190 -1441 -44756 18812 -65404 -16027 49896 1882 -5720 -53038 11443 56077 2290 -48238 -17942 32857 15363 -28528 -37564 20581 42954 21364 -6434 1234 -19568 2019
56845 -29251 46228 -38571 20524 -4943 842 -7266 -13919 -44711 -27265 -42204 18845 29248 47352 -8373 -10033 -57195 -23415 -9806 52869 39710 -40828 43789 13869 -24286 -16490 -34218 14611 -18784 -51945 -39871 60644 20899 -14533 -11948 59503 32654 -55141 -57154 -10114 -62791 33801 19025 12535 17743 44772 26900 -18523
4231 47504 53067 -40668 -61848 32968 -25731 18422 -62207 -40121 23400 -38154 -26680 -53685 53922 26727 -28541 45140 -33298 35082 -29674 23971 -58293 -17275 -23049 28621 -45301 -40671 31480 22931 -55568 -43428 -2617 10734 -2100 62481 -12935 -35437 35838 62270 -36672 -60982 -27076 52363 -39353 35908 46365 -55469 43784
35257 23649 -5588 -23502 -25233 -30191 -52181 24615 2107 15361 7253 29088 -62151 25764 60035 -18853 -39051 -16096 -34969 12955 2411 -35142 25057 -44306 -36441 25900 -8250 -17774 38835 -59439 -4097 -35348 8456 50428 -38751 -38183 14014 -61935 11246 -8231 29256 -46916 -22736 4394 -64904 37393 -28160 -33710 45713
45820 43267 41289 48112 -18159 -44235 -27020 58333 33380 -22236 18273 -44909 -30486 -42733 9828 -21169 -8412 19801 -39321 -3925 27099 23282 27838 7188 27178 48610 23386 -37927 -43267 45573 10751 59075 -30357 -38490 57295 42700 55254 -29759 4218 -26160 -2135 -4666 32265 32541 420 15150 44917 -38222 57405
-10919 -52671 40305 44065 -32494 -12368 56913 27415 -17623 59971 -38282 -47240 54442 -45602 20067 -44868 16881 -28384 61499 -55019 19987 -57025 56235 -38784 -62632 21463 -56544 22452 -42704 11221 57361 -57260 20206 32720 10975 -32126 -2635 -19045 19964 50102 -61908 -11962 46292 -61625 -2438 31122 17782 -16081 -18401
1083 15861 64834 -36961 -21511 64953 63222 41793 -73 47551 1976 -25194 -426 59700 31510 36588 -30584 -36393 -23164 -17789 51169 -30169 39728 27484 30118 -24726 10867 -25778 -38416 30291 38159 7300 39410 21908 -56033 39630 3724 -19260 -19608 25347 34094 -58762 64009 -21484 -44294 58300 48980 -18397 -24334
-8273 -42313 58444 -15875 -57478 -351 58114 15350 41755 -7111 -32858 13590 43823 -21166 -33206 58833 -39784 5416 -49365 -8163 -43722 -22968 38055 -37618 17978 -37517 40225 6863 -20965 21618 -2269 -9795 -57672 53952 -47471 -15285 59812 1928 -32216 43098 -44014 -56986 24916 -18806 -37459 48815 59055 65161 -39848
-29494 37269 21273 61909 -51997 -28008 -53153 43717 7055 45072 -8731 -43216 7049 9880 52949 22404 -12182 -32137 44398 50047 2590 -51517 48041 -61212 -31569 -59244 13727 -33188 46079 45559 -10252 17522 -19465 -22268 56652 18667 26679 -43841 55524 -38888 -27946 65502 52792 56892 7215 36029 39210 1707 20206
10157 64211 -29563 62727 -65355 -22029 -33558 6172 -60364 56425 33147 -55962 -15659 17713 18350 -41093 42577 -22807 -56058 59609 24542 -41267 40537 51624 28933 -49837 -48657 22375 -19026 62490 37376 10456 51022 3846 61066 55571 11782 -12305 47665 -6358 712 9189 48356 58542 -21815 -53222 55566 48580 18301
418 -17631 -14355 -45541 -59778 -23382 12611 32642 -30806 -63725 22804 1993 25500 2599 -52476 -46125 24480 28556 60346 -60526 -58677 23679 -53196 55062 -26954 -47960 10558 18260 33585 43201 25307 -35502 -20748 48993 29779 22323 -18404 -24393 -11147 39348 -9784 40602 -10027 -1931 -47210 -64666 764 -48187 -61293
-3213 -59120 -32437 39459 2510 -29232 -11488 64514 -53563 -10599 -47335 27980 -7146 -34449 -48802 -58282 -31037 -60070 -14826 -25432 46461 -26089 -28040 -52186 48387 14928 -31516 -58097 -9577 -47662 26770 15774 -49801 -23266 -53993 -47971 32522 35293 5429 11430 13053 38186 43242 -34515 9992 36451 55360 -51633 9236
-46841 -62633 51319 -23103 34036 -12211 -63824 -61314 -62701 -23798 -60798 62374 -25141 -29874 -29227 48383 -9537 45614 54129 50385 26900 53040 -36784 58724 28010 4575 2524 -56860 -282 -47683 -64387 -63345 7702 -44811 47576 6760 21198 33854 -36699 52023 -21298 29739 -24753 31408 -33026 -29554 -38176 -5541 34166
53410 22621 -60400 -7905 32638 35990 -34354 -40242 -25577 -17666 -63206 -11165 -65008 -10854 64971 13995 -36858 22999 61301 9898 62991 -53968 45920 56569 14318 -7944 38905 -10009 -29421 -7954 8804 56128 -33960 -28266 41142 -10779 47284 -24096 -44451 -42132 -25261 13719 16912 -15304 20822 -18268 -39042 40089 38908
41455 25784 -19010 18154 -40729 21479 -4575 -43717 6935 -49053 38888 -64632 44759 -28115 49169 14641 -2821 22057 57290 41461 60492 -63563 -11971 19972 -34453 -24541 -30980 60235 -34620 -16852 -46439 49211 48868 37088 -13708 -32236 -54761 26673 -58340 48961 37349 26644 59948 15994 -16328 3926 -11392 40505 39848
-3309 11973 -4827 49450 19028 -5241 -878 3678 -11241 34314 59451 -15355 50719 -31971 37947 22070 64145 39548 -11426 39700 25075 34466 49903 -44728 -27144 58625 -19591 24349 37578 -54330 41671 31996 32562 -39015 -43794 52295 -51223 31003 42300 -27784 36400 -9345 36435 57046 40042 58522 -59255 6081 -52941
13176 62337 -65129 9665 -22369 -47361 34923 40883 -26703 12100 -38917 -2115 -42133 6309 4237 29584 -4600 -53674 -32973 -32780 2272 -28568 -12953 33830 -40060 -63747 4540 37209 58309 -20185 37618 3561 -58267 10847 -32977 -28292 -10243 -24417 9612 -30502 64097 23021 -42188 -7625 -26794 -51071 16123 -9793 -32612
-50731 40593 -4503 11305 -46021 -53330 20541 -17798 6092 17299 23746 -40986 -36612 -2340 45199 8563 -39972 53601 20589 -31319 -62084 -3768 35226 -33917 17064 -18449 -1380 -58441 -13808 36218 20841 20419 -49154 -20065 16340 -46846 -8409 -31532 12695 -16807 -40466 -42082 -53855 22672 -12155 27816 57069 21323 53343
11557 -15121 25083 15894 52199 42693 7874 61196 -28621 51195 21910 52881 64886 -45282 54852 49431 -37845 -45329 31930 10976 49601 17142 19010 14801 -54007 64797 -8358 -47647 55693 16961 45477 -15933 -32761 14072 -32928 8590 61867 -5489 -53377 8323 45310 26323 -41858 -25461 10448 -20619 -12682 -57363 34770
28266 5661 14003 35418 -52562 46905 55949 -15791 -25033 53857 17724 575 56698 -16878 -11296 -19655 -27807 46557 35224 -38858 57597 6024 -56772 54521 -47898 54552 47068 -24500 -15275 -48501 -57926 56173 -30353 -3429 -46076 42028 2779 10119 -11635 31472 -22587 -8551 59420 57199 -49792 -35260 -6699 15677 44116
369 -52637 -11422 32628 -39657 -45057 -27494 26909 45180 -25792 59742 3689 15237 24480 -51999 -47782 -4104 -54187 30517 26643 -40106 -61578 -25443 -9727 -21866 43842 30574 -30189 25621 -44346 47647 -60871 61186 23447 17582 -5065 56502 -64032 11633 17801 38168 -7426 -47201 -57849 -20167 2535 -37916 35068 -957
21608 22780 13938 31106 -56759 30403 -39345 35645 26255 -20777 60143 50198 -65484 -53192 56958 57034 55979 -39025 -55840 -13571 -39478 42063 15142 -16005 -4250 -2290 -58455 -14857 13109 -39671 -23972 41240 -40018 44673 -50193 31371 65301 -53629 -17221 -7461 -58751 64081 57310 -65156 -3337 65219 -40697 31628 57479
-45881 -22759 -50958 -2171 13741 -19911 -52754 -54583 -6091 -47048 30915 37724 -40701 47459 -721 -273 59909 -59035 43526 41084 -27421 10345 59292 33846 -6381 58134 5785 21155 12501 -28974 49898 24827 -12919 -38862 7921 43597 -37219 44943 41958 15211 62850 4675 2524 61843 -16005 -45247 -55875 -19601 -47055
47951 14924 57372 -12672 -33025 13223 1937 -53103 -53204 -54002 -40934 -37987 23472 -60832 41997 58536 27951 -15180 -32466 -37480 7711 25063 16488 -40572 4774 35625 -21100 23686 57312 -35337 43505 40066 56864 -46398 50338 -61836 65349 -18691 26646 28064 -45903 58110 13971 -31907 -19844 19782 4479 45649 -61900
30575 21150 -53992 -58202 -33242 27536 -6468 46465 -16149 -53827 -56219 40984 43202 -43068 -24074 -21805 42118 13276 31032 24141 -59528 51881 -57577 59550 -38327 -241 -60772 -8742 51975 -18052 23746 -20593 -6746 -48307 -29911 -26805 -47417 4287 24191 24297 63803 -45589 -44124 8735 -51274 13702 1606 41934 45266
-44160 -47112 -36212 25800 11032 25171 -31384 -23414 21845 30138 47179 9700 14691 19261 -47114 51007 39956 62589 25774 -5627 -61309 -42248 -18506 -2457 61242 -17739 -61180 -18359 -62745 -38803 16514 -14688 62574 -42185 12074 25997 -33207 27058 -3136 57637 -47547 -40281 -15640 6854 -63637 4773 -16689 51422 6032
49500 59355 -19610 46041 -20655 10299 -46061 33674 -37885 47707 40365 14819 -62436 57819 11637 10470 -32679 -26493 42984 55712 -56850 21191 -11354 -19007 29313 -43499 -12499 39793 26574 61588 17056 -26264 -20668 -64235 29016 57727 46645 28048 6686 16170 -24322 61654 -11500 -39461 -4202 36298 25798 17497 -9883
22566 -61260 -61812 5665 59892 -61874 50726 -52769 -32694 -36954 -8162 -17345 60585 50136 -21581 56407 43768 -16237 59685 53268 33322 433 -21095 4492 -25909 -12747 -18342 -8522 61488 -22224 -35605 14551 -49407 24795 44133 -63016 -26668 -14457 52907 65271 -7688 25448 65245 8617 8237 -17347 -23242 33428 -12057
65217 -47614 -28215 -44512 4391 8862 48753 33293 31876 -35479 -12574 30686 -11178 -54775 35640 -22060 -63556 31332 -32957 38455 -56949 -33030 -46082 -51614 -51563 -37180 16328 -39591 -17256 -24832 -57808 -42433 18043 23174 19585 -16699 -7116 15717 -18361 22378 -57983 42177 -1140 3211 3106 36579 38015 -38585 -63088
-21789 -59390 45009 56311 10682 -31530 -50660 52865 -2076 8168 -41924 -14713 -15729 -46947 56654 46471 18347 -34847 63144 55590 -27684 65278 64281 -57947 26796 -27964 36009 -40443 -28865 -26713 55739 -62907 19924 6849 50502 27861 64312 65033 33010 60601 31594 -606 -22137 -49166 -7029 -44622 18832 -1551 23907
-23863 23598 -6915 30389 -41075 9446 -29910 -15997 -50177 24641 -11987 -6318 18764 20318 37311 -30493 58403 -38420 45799 29989 48514 16777 -57408 52288 41353 -24682 -44615 -62193 23335 20437 61140 5154 21764 -54659 -25412 -10349 45990 -57092 59515 4747 -58763 23514 50870 -33567 -58885 17033 27887 29256 -23015
49731 -26367 3137 -12145 -59619 47031 -63596 21167 44967 -53757 38862 -1487 -33700 -26466 61268 58114 -33510 25525 -53452 42336 -13547 -54645 23905 21012 62548 1141 47421 -39752 -63397 37755 -61865 -29326 -36403 -7978 -62549 -51297 25891 31328 8692 -24941 57326 -31845 1233 -20477 -17653 -48417 55605 61651 -58928
