-56165 39793 -36871 51273 22336 65129 -48506 29656 56402 -9048 27002 62376 -23390 -47545 35789 35490 25162 -4684 -19186 49329 29392 -25638 -34762 -45644 -37434 64367 64316 -54009 -61634 42109 -31227 25775 25692 -19821 35017 -8055 -8560 22093 -51176 -10273 -16558 -39772 -27818 55509 -32790 -16019 34902 34378 60945 -3956 -44077 -57055 -39110 9859 15277 -35705 53564 28208 -47405 46876 -11356 14487 -14967 40781 -21140 -61881 -40969 -22021 19253 -3877 17963 -27991 -64454 36363 6684 -40705 -24392 -9400 -50215 -2701 -9638
-44741 -12843 31448 -5091 2129 -35381 27563 6017 9159 7818 -37263 42184 53953 55607 51073 -3742 48616 -17840 -58342 23694 64573 37446 4029 3323 -22392 -35217 5221 34957 -47710 2013 -49907 17103 -40875 -4635 6875 -47689 51302 22564 -14060 -3071 47831 -36853 -61876 43710 -3925 -51045 40993 19786 -59802 -35738 -26269 32042 52267 32236 25877 -37098 -51468 1672 -1948 -55563 61886 -5533 26390 32968 37413 53987 -50064 -32453 -33382 -2410 34300 9452 23533 -44696 -45797 35220 27306 24404 -61481 -48540 53198
39698 40301 28862 -51218 974 -34659 -51897 21212 28295 60407 -6366 -35132 -31848 10758 -46847 -32884 8749 53084 -10118 -9888 -60842 -20177 41084 -62573 -19487 15750 56896 6336 42073 -26033 -45185 10064 58632 11831 -23104 24835 65173 59709 -48371 46127 5032 20507 -15128 17513 -47781 -9916 -29121 -3589 -34523 37295 -11477 28850 58157 46411 8257 2386 -8695 43263 -2413 -6775 -16612 10309 -48531 55672 -38987 58642 494 11044 -25182 -51163 50552 -27244 8704 34084 -33966 -6976 -28481 -6309 43236 36734 -40502
4353 -36464 18181 60173 -36984 -55877 -53623 -55231 10350 -47125 53362 42623 -14186 32632 -1981 -40644 -26382 -46856 -5516 5946 63239 13072 -8867 6725 44563 -32940 -51173 -59559 -61645 -63866 64207 -3631 51857 -22943 54950 25665 54721 -42356 -39842 12695 62201 22062 -467 -60646 -3160 -61990 45486 -60031 -25100 -61803 7986 11682 -8041 32293 -24058 -26783 8938 -7954 -12425 51732 -32622 -44994 40944 -57662 47956 10125 -54325 15855 -64046 -33390 -15808 17478 -46794 -16003 36244 -59298 -16192 30724 -110 51332 55613
21509 43061 8368 -59842 29367 63000 -45899 34703 -17086 -6039 -23181 64899 -40564 -31026 30969 20577 62943 9731 39765 -36900 -14687 -22798 -37192 24744 9754 -50840 -4236 55426 -44513 12094 42848 -26016 -17744 25841 -62100 54420 -41745 13209 -12686 -25494 47957 -756 -17745 14985 -45815 -55755 -29926 -48018 -7036 -58801 63751 63994 -32181 -14631 -5953 990 5379 15074 -16301 11416 48505 13671 -61811 -16558 49656 -2114 -40818 49182 -14715 -12583 -8689 34244 30758 -55580 1057 65519 -30471 17082 -48454 -2413 31001
27326 59704 -9957 -15289 -42372 33236 -10382 7346 28953 5237 33380 52558 20892 19827 -22336 22730 17568 -65306 7022 -60075 -7853 -61082 -40476 7035 -51875 -42058 63464 -42881 28157 -32041 -48734 -21200 23201 28784 25171 56764 36913 3056 19156 -4052 -61711 -54590 -62088 -12105 -6626 -27831 8303 8363 30758 55547 -22018 -12411 -64207 -64364 -16052 -34675 62922 -42365 17414 44250 -7342 -28841 9737 -23114 40910 11342 -29455 -51371 63331 -54952 -11966 52687 -18398 -25207 35148 -20172 -41128 45213 -7290 35548 34745
46483 -59431 -46866 10629 -52619 -2282 -47231 -54835 46246 -35505 -38096 -8207 48243 33158 -28164 2598 25313 63960 -28030 -7830 4365 -5853 -2271 64364 -16162 37414 -62966 904 -20090 51070 1888 -14943 -65202 -64217 -36665 16551 -57253 54759 24900 38053 25127 -3522 -31345 -10579 45830 42953 -22500 8718 -40551 63768 -18201 47178 -23280 -52652 36207 -65270 55198 -9054 -7036 16568 64429 -13255 22782 -61425 52584 -15194 33940 -42692 27182 41986 11574 -29597 -54707 -10903 -56039 30335 54871 -59205 20335 -62228 28859
30293 -44998 42926 48800 -19090 58019 53146 10178 -41269 -53897 -779 24646 42972 13816 -2468 51330 53989 -4355 -12947 -2908 64678 27174 -26080 23582 21236 27616 -39438 -18402 -29953 -41905 -29550 46413 12759 41893 26722 -18706 -30048 -37515 -49531 60610 47193 24102 -53051 23619 15873 10199 -39722 -5769 -2494 47620 182 10750 -33683 1538 -3890 -13866 2407 -24620 63570 42480 35773 61591 -30844 -23670 -65031 -15114 -54000 10812 35479 57627 -28021 36795 20746 -64449 -21167 -1360 22050 -32088 -63631 -49778 19987
-40840 63536 -12957 52025 -62469 -42256 43551 38525 43573 40000 43918 7481 34806 -17309 24427 44524 -59220 18029 -37031 2633 -14420 45481 30409 39450 31227 43622 35699 36567 44179 22598 35990 -39283 48541 -1323 -65375 -44730 42413 60102 -64978 64688 -64735 62850 43268 39787 26214 40306 4066 -46831 18221 -43335 -13917 -47431 36703 58071 -20173 26188 -17133 -3972 -60451 41003 52700 -18091 29462 -27864 -38911 53262 -38760 -62967 -20646 7610 32643 -24364 45536 -20860 -52111 33213 -52859 -19034 -53753 61139 -31069
22280 13303 29962 -52481 -34269 63335 -62939 -10980 37698 -31664 -58068 2374 -13539 -15337 -41606 14002 53738 -49937 -50030 24463 -45381 56967 -50385 -10600 -20774 -32327 -45204 49190 15658 3207 -47175 -29804 50424 -44188 15493 21246 -50506 -4303 -61030 30922 -13305 61003 -36321 -58181 3273 -515 -15115 -15118 24404 -25418 -19947 -64638 7123 -50546 55424 -54856 19996 59999 -541 45839 -51154 -16689 -40616 -47584 -42543 22168 -51981 48913 -42383 7684 -30380 30182 64397 15934 15497 -26758 6404 26313 60278 -57828 -42572
-5093 -26505 -56154 -49569 -4378 -22151 -54250 -54013 -53511 -26596 -11090 -37475 -19368 -4576 42726 -54777 -14925 -45179 35216 26679 -55998 14194 -25088 56769 -6086 10268 13833 14154 49541 18394 -15593 64802 -8190 -13339 -1004 -18532 21915 8691 -64814 -61730 7269 -48535 27503 -45917 -51278 16482 12129 39461 42283 -16326 -28260 19531 36872 -11203 10617 -22275 55157 -4384 59109 -25681 -13143 -881 -4586 19716 -58206 15525 32149 27882 13720 -48316 1824 -5773 -43449 60764 660 -64868 50544 -19236 38297 41549 -28147
49459 14574 47726 -45826 10957 -20687 39306 -12810 -11846 -52264 53890 -21818 -35029 -20457 -61871 -16329 3556 56487 20352 11402 55515 -19755 26056 -30201 -18739 -52133 21812 29897 19025 3987 33657 12067 -54762 -41320 64321 -48497 -48007 51677 -34315 -982 -35583 -26027 41314 -50655 20083 -62313 5646 5491 -38318 -63297 -18089 56179 31046 50782 -1246 -42768 -29765 62099 27739 34976 -26825 -50405 37320 -16987 -28860 -55607 -21312 59611 -52843 -30756 -8231 -18018 -50475 -24793 3565 29999 -50037 34267 16405 33199 7076
14924 40175 -34561 16371 10385 15887 39377 -22498 61344 57716 36962 -56137 -60203 57503 64112 18319 13038 -32324 9384 59354 13836 43434 -57895 -46497 52067 47751 -28967 -15610 -19457 -18925 -42709 -14357 -13566 10529 45202 57537 -4072 -41317 1040 3397 -33175 3649 -56315 -37013 -40043 -5553 -23295 -54268 -4201 36082 25597 -53479 3914 25870 3253 -32401 40284 -40329 -52594 6220 -49103 12822 32118 65267 28556 -6955 -2887 23306 3419 -32047 52967 12466 -2134 -20955 56694 60354 65496 -650 45113 -9223 19807
-43313 -26920 -27085 49150 20534 56756 33079 34208 32463 -13091 -28388 48724 -59774 -22173 -64362 6188 -61649 29108 11234 -1262 -57389 -22948 -30284 34445 45620 50425 -39110 -4227 59730 24898 -37215 28160 -39485 -3669 -29124 13155 -43070 -45826 -23003 13506 -34882 -6917 58744 -20726 -64483 17179 -14443 35963 60355 14769 -6235 -46478 46970 7137 -13515 -49358 21454 63181 65239 -37624 29926 -31509 -1205 -23916 -9859 49870 -25946 22163 -39756 58909 40238 59254 -22180 33696 56767 45173 20320 49154 -11200 20180 -47192
41092 10989 -40758 -25398 -34923 -55572 19088 -41579 -8882 -4117 15065 44872 -23362 -13900 -43734 -18754 -62975 11566 27052 1713 14456 43247 -31508 44930 55245 47299 -58700 53183 -57531 62109 -17829 -19859 -8868 46490 -52433 31002 17473 -6984 -18172 17861 40641 45203 -4505 -50482 58643 35777 28631 40078 41648 51744 20311 30561 40206 20121 -31038 27108 963 -6028 31461 63151 12021 13406 -58589 -13756 59154 -21715 -63402 64290 -64042 -44211 18804 59146 36624 -22840 55792 56624 -55325 -52475 54548 -35387 58802
51093 -31253 24937 -25237 24951 54771 62009 59935 16086 -12180 -48490 -15819 -9940 40528 65209 -63714 -4879 -26192 -20193 59573 40246 -3528 27150 -64092 19798 39433 30578 36017 -51580 -8286 32773 38364 -35538 56138 -29852 54510 12426 -59344 13513 47596 62132 60401 5426 -31959 -62737 -9110 22952 1328 -56479 16998 -25718 -64518 -11106 -49960 -56898 -48125 39721 -1846 46892 -23914 -44786 -2984 -47998 -60972 -64364 34904 56523 -4170 39950 -56574 15864 50176 61625 28009 31960 9242 44769 35282 -50389 -29211 51998
-51839 -10221 -45884 31759 56584 856 -45398 -32579 -8414 59720 18476 9746 -15928 15422 -63253 -4888 33070 -39958 373 -45877 -34761 35198 -43749 -44258 23880 -55196 -39583 -13889 9892 -24623 -48857 -46644 -22790 -36766 -27920 7722 -19790 -39010 44132 -45323 33006 -21459 -9372 -24742 16055 36129 6217 -12945 11235 43454 5204 -37752 33306 -14211 49363 -37577 2594 31661 11810 6350 -3475 -34121 1801 35442 -14317 -5842 14946 58383 6439 -55679 30946 4871 -719 51866 -39747 -42541 -28176 30845 -4169 -31400 63687
-52245 59345 -12392 -14249 23477 -55270 9304 46331 -23194 -32588 -45878 4210 59454 -18508 46138 40281 -47726 -26702 -62228 55416 -19307 -39847 11507 -42537 -53377 6887 12792 -16951 -55406 -15871 62803 38901 -27292 -64027 54606 20064 46588 -23726 23656 -42684 4011 32098 -1643 46304 -42151 -5841 -23713 37571 -65407 16935 -39823 15463 -15535 -35227 61131 19992 -44733 31636 -18209 37179 -42187 -23244 -36400 25527 -61058 -63554 -21610 -11513 1728 -38228 31477 -49756 -38687 -42832 32631 15672 64544 -57788 -45010 -27282 -54882
-46906 -50982 43026 -25763 -20892 59086 2973 62072 8979 -12137 45113 -27423 -13278 -52556 -4410 8166 -57400 -64935 18953 -19481 -53832 41938 29118 35101 20419 -65487 -32147 -14118 -61551 40953 8155 -8864 9825 59083 -47367 6547 -2733 23255 -15323 -3492 36261 -8578 3456 33826 10437 3476 -10812 48669 -15867 -173 5799 28564 62352 -63054 -3164 25860 58909 10440 -21573 -41015 64871 -42067 -41831 36752 -65151 47409 -27985 27307 47521 -18788 -61919 29637 31399 29477 -35865 -31870 -46388 -64824 10739 -2998 -34340
-62670 -44625 25140 -14643 57156 34691 -32851 613 -22015 -43633 -34538 55800 -61659 -46943 -4993 -64810 -39726 -37316 -12627 40347 -5986 25688 -40529 -10519 382 -16105 -42352 56818 -3122 28925 -13047 7148 -49012 -58223 16769 41375 -24832 12774 50525 -52089 -38383 608 46585 26912 36961 -12311 -27799 -17083 1108 -15382 18155 -24166 19302 -63998 -16399 -28310 53579 20555 32333 30773 -63814 -18138 -40199 59789 -29478 -64119 -23307 28773 -43455 -7935 4363 44078 42276 -28634 55820 17620 44909 -24233 -7192 54827 -23740
46707 -20115 60657 -49799 11017 -15798 -48092 33351 9294 50661 36016 16585 -12679 13689 17141 9881 -6782 49204 -26396 15762 -6069 -31862 33517 60117 -9850 62494 20138 65312 -31074 61025 -21832 -32374 -47644 4818 29781 -46846 54850 -22697 -55614 28887 51385 3322 -59865 37883 -19467 -12194 1562 -28370 -58174 -17354 59713 15181 12149 11132 22718 -25831 35412 -11313 -19542 46152 -8387 46539 28960 20761 -25826 -45743 20593 -59397 -57632 12337 62874 51320 -31215 22996 -35497 -51374 -16449 -16218 -60016 25205 -8122
-28597 -48393 -18289 61148 46425 -9450 -5217 -22692 -6183 -53847 15555 41282 46540 -43878 14539 -16926 -45515 57658 -41159 35376 29555 60400 12279 -25449 14546 57523 -61939 36535 37690 9854 11815 14927 -50781 9322 5729 26184 -9308 36473 -15279 -11908 6273 56407 50433 35984 -19440 28852 11815 -16389 49536 -14125 54031 -24651 10515 32449 13534 21621 -18924 -63292 -17902 6426 -3495 10613 -46754 31793 -27610 -40295 -50105 25450 21061 37080 63717 40879 -29800 -38375 -37631 64955 23991 61611 -58532 35674 27928
-16943 43080 -34211 38755 25620 -45980 54143 -63114 -23105 34412 18949 33312 -53795 22438 -23934 -18671 64451 -49119 2351 19672 52355 53346 -15365 -13866 51995 12237 14162 46548 -7190 -1843 -30344 -52263 -53345 -10768 3590 48802 2699 -1281 -38484 43955 -31464 59063 23968 40758 12225 46850 -56684 -5835 -47120 1465 64186 -63368 28697 53105 -6681 53296 -55710 23346 1214 -26520 43780 178 28158 -39759 -8226 -20226 -26646 -34713 -65396 -38815 57693 -65139 63612 39193 -27031 12926 34344 7367 42527 5919 -35611
-29754 44912 5225 43218 31471 -14991 58819 52728 31794 29294 44880 -19557 -20241 25225 -60554 59228 -5325 -50785 -31640 54049 -57567 31593 -15920 -43411 21380 7712 61196 2853 -49233 -43888 -10242 -34567 -41249 -7476 -60573 -6681 -45849 32350 -8852 63443 19773 -60295 -60929 13033 32209 -40870 26464 41933 10287 1805 45905 54104 -53884 -33135 53131 46924 2563 52861 -26088 -34901 22017 31505 -35778 -41070 -53969 15372 61370 -35464 -55484 -41452 42132 8336 7463 17319 38875 65197 19340 32892 -44711 -25176 -45373
3210 58624 44490 63665 34438 21008 -64014 20211 28848 -23553 9500 -5848 -1422 -22674 61323 19456 -64003 52813 -31046 2076 -26371 -61029 -35528 -43747 -58172 48921 40039 53905 47322 -24999 -39740 40574 60213 -48644 -23503 1662 -37297 -2392 -49883 116 60133 -41364 19364 20796 34530 16750 48212 -60166 9469 -36719 22392 -1041 -39087 -42267 25903 24353 -4756 61015 26586 57936 -53988 1522 64412 -17082 -27244 25670 57163 -54873 -60767 -24243 48925 61553 36028 -46905 49725 13201 33651 -47788 -356 36048 -31239
-36955 52267 53560 3814 32412 -59697 -18990 63080 -48200 39156 -10856 -48798 -24127 42494 -7352 -52027 -57482 -12844 48087 58914 15568 9464 -56369 -43086 -54019 30709 -26654 328 -40863 -34963 -25444 50546 -33640 33116 43632 61237 -54281 56955 -9702 25867 -17057 56646 -39299 39645 -57867 -56280 -16105 -50279 -42466 -39679 60634 59835 31621 -13656 -6868 -57048 -24083 -39576 35848 42778 -45234 -26225 22782 -48625 41419 18257 45137 -11720 -14777 12864 42766 -48970 53572 -50480 17578 8819 60376 12252 -27866 12088 54254
-42692 -7202 729 10273 -2521 38287 -14074 -582 -20031 5272 -24456 20158 -25107 -30439 -32779 -52537 49351 63141 59030 -4701 -53205 1648 -42761 57030 -45117 -10205 51818 -58019 -30596 16072 -49130 -31268 -3263 61106 -9581 10697 49382 64433 4028 37794 -35021 61366 22610 -49673 -43315 -3062 -11968 -52810 61333 5034 57058 -7030 -12851 -21624 65044 -63285 -52032 -2245 -17610 53301 -4010 42481 -9736 -20074 -22475 12303 28533 -42053 -25371 2337 -12209 -46951 44840 -42837 14493 53874 -65257 54988 -55329 -15232 53995
27410 -2786 60293 -50108 47308 19513 28813 -35486 19137 -15014 -33413 543 27880 -18273 -37228 -47470 -5038 39777 -17432 41435 17354 9329 7379 -35099 -20285 22160 28809 57739 11519 8685 15942 -8992 27606 49363 -18713 -19793 24895 -36660 -56425 -55818 -19414 -10944 -50185 -19446 -55921 60393 -18660 -34109 54527 -33907 11271 9681 -60175 37896 5882 41980 -61560 -63222 -41381 49133 -17367 54490 901 56729 50031 -15922 14737 15639 -24937 58812 -1095 41670 61128 5857 -60122 17694 -33675 -54163 32866 -23866 -34056
-218 -42534 26102 37378 26836 -12529 52041 9325 -6659 25054 -64990 -52659 -21544 45933 60181 -37696 -23380 -1221 20336 52269 -31736 24396 18783 19778 -34791 10738 -57989 -47684 11317 49486 21763 -58504 -20413 18791 41621 27643 -41571 26033 -23475 4728 -47159 -21881 -62103 -53474 -17363 -12375 24670 -24211 -59122 -11112 -41608 -46752 60080 -42896 7975 -28453 21218 -54664 3407 52105 -62443 -60449 -62969 31994 46502 16159 -30052 -32441 12111 26132 38304 -12533 53508 -26828 50464 37102 12657 32424 29448 13257 -53380
-11696 19875 57873 -19375 37356 -20403 5728 3586 -20810 18138 40867 24037 3447 64668 55454 -63078 -10480 -63593 -50589 -2749 -2244 46036 49548 -46575 38421 -3304 25396 -65489 -54184 -36492 39516 60813 -30138 59199 -1315 -22759 -20628 -40886 -55930 32767 -44032 -50286 14117 -62914 -47451 -58794 -24985 -29382 -60912 -48880 10793 43993 -53677 11635 6655 -48911 -9055 21048 16832 -13404 -13478 49619 204 -50377 -31381 -19541 -17985 14051 13109 36535 -1597 21658 -53438 33395 -44565 26340 -42695 37483 38020 36876 -42576
59725 -55443 34555 12647 12498 6208 8764 -45920 -24107 -31609 30025 -59569 24812 -28365 -60991 -33650 -26107 1472 -18399 42663 -35938 -22142 -18784 47899 -40728 -22965 -20965 -19593 28995 -5600 -48494 -24192 -32963 -39651 -34971 -1730 -22416 -31045 -50961 -40023 63095 -59257 -2107 22133 18490 -15952 26588 -36517 46272 -46982 29260 -9448 -26082 5395 22859 -15367 -34648 -8315 -10779 -14121 -15080 41259 -63574 27812 -9853 59821 -12440 45386 -50490 -26562 362 37947 -18076 24614 59850 60197 35116 -9761 -1489 -7909 -57878
-26091 -63522 -59988 42692 -62816 -52350 -28738 -4043 52702 -38156 -55571 44759 17501 2636 -55606 -26898 -31312 -48987 -34443 41987 -51324 -15207 -53821 17513 -59254 -43577 22120 -33147 58621 -25188 24503 -34670 -11294 54919 -53478 52033 61508 -46050 -17640 51409 43594 37754 -38162 -58176 -13976 -16967 11017 -15728 -13361 21174 17904 32671 -56226 -440 19258 -63461 43985 52282 -62714 43866 -45396 -24504 38293 15255 45853 -1470 -9540 -55829 -40355 -37972 -39173 5795 -5787 -13229 11051 -30809 -41984 44095 47198 32487 -21878
-11208 -38345 34809 -34910 -23646 28993 10151 26057 12118 -30465 6749 -24575 -65349 39982 30453 -41272 5189 -12939 34922 58555 -48514 -38639 37480 -56234 530 -17632 -36524 -19974 62056 41068 63118 57124 -12487 -44741 -51223 -46613 15077 -62672 40809 -9224 -24843 -27716 -38398 57762 20227 -19112 -8382 57541 20717 23938 32294 65487 -6031 10512 -62862 32179 -57266 6794 -1204 -64495 51644 -20434 -29425 -48422 -54575 49345 37871 -55230 -12981 24493 -56468 -4583 -31297 -1398 -53063 -39212 -26290 51230 12243 1267 -49738
49441 52049 -28516 -7998 26105 -22965 34551 -12362 64533 -51112 39110 -27936 -32839 44429 57123 -10461 14174 44124 36786 -12310 -10669 -38439 62500 -62627 -8138 -64035 -46393 -14195 -25501 22237 -30384 -42158 -30483 -10765 39553 -14627 -48232 41529 -12654 33472 -42668 62533 41168 -1820 -8678 -23923 -59710 10042 49402 -1744 -34517 26224 26662 34670 43030 -17324 9859 -45747 -15434 58280 -13098 44358 43095 58182 -48675 63125 -1724 -32687 -50151 -45688 -62765 2749 -12351 -38094 18763 18148 9246 -55548 -12496 44196 -19329
-61245 -55812 -33532 -28051 -62868 -17778 -12843 -35619 -50140 -33681 -60614 63696 -60514 -50807 -40295 49749 -5438 6862 -12964 44072 -63661 -36426 39556 -53338 27609 -61761 -29994 -30536 -10172 -32091 -15035 -63703 60663 -18167 -46864 -32501 -35281 -52673 -50238 -46014 -35025 57143 -60038 18205 -41158 -27773 9306 -41070 -25277 761 31275 -22824 6047 25583 33990 -41139 42737 -63192 40186 -32505 -7129 24303 -60034 53818 -27807 26432 -23889 34805 -54926 13858 -53762 62300 -199 -36042 55422 -3455 34218 -23974 64829 16348 -52287
-693 31836 52685 -2723 40821 24127 52597 -52118 -46532 -16918 -10933 -28179 -35461 33072 -57820 43347 61008 49124 22896 14905 60122 -63958 -24234 -20214 -7680 4321 49361 46237 8730 -10530 -22697 -21921 35953 40396 -63571 -30945 53821 -65150 -59374 -62602 -8136 57650 19865 6602 49797 -21676 20794 20522 -48041 -11449 -55969 -35415 -39507 56837 2081 51441 4657 -11180 -27318 23503 -50689 4285 -47545 59048 -50755 -43114 -20046 -27728 -22415 -64389 26247 -38873 -9467 -50373 -7074 27687 46346 11 -45911 -9045 -17036
-28497 -41361 -33276 -20012 48703 -61851 -26319 14074 37743 -64193 -55091 34549 -59731 36237 -55092 6052 -18971 -13672 -56504 -6178 5024 50849 55298 -26784 17932 52675 -2362 -2103 22573 -19841 4089 -15181 -16675 -13908 -59534 10088 -27783 54387 30041 677 20305 47290 36680 -44708 -64293 -24600 594 -13621 -9940 -30127 -44214 11093 13443 -19469 -56418 -27038 -18460 34686 36241 -37846 -64841 -42846 -63327 17516 49814 40231 -23203 -32016 62470 -57708 -6442 -35862 -13034 -38788 -58999 -9579 -16909 10268 24396 -64992 -54503
-16710 -56915 -10887 -19529 -21504 6777 -31254 -32712 6370 -4855 -53831 -36952 -26181 11811 47510 61989 -61377 52021 -55225 4139 -8175 43649 45664 -48643 -42900 41883 -9057 12923 -4234 14601 -34858 48785 40945 -51498 -36680 974 -59455 -49270 27469 46527 29767 36628 47627 29093 -9417 -26647 -20780 -42021 63403 60279 20984 11015 -58508 18276 17646 20520 37221 25464 1088 1806 52754 -4856 30840 -36301 -4323 10078 -42347 -22059 36869 -9661 6947 23206 -35792 61852 18752 -21474 -14333 47113 -52091 -17874 34928
35552 -42939 -46683 9541 -7773 -50194 -46383 26789 35576 -59403 -9767 35526 -60311 44866 50188 -44247 -40450 45969 -43542 46818 43129 45136 -56108 3134 -32587 22006 -1230 -52851 56372 2360 49575 58005 -4522 -55305 35428 61599 -25276 -7248 -28816 12822 14202 1654 33752 40343 51254 53234 -50961 -20734 49473 -65253 -33721 46159 55678 -2435 -39578 49912 -4455 -17031 -2544 9198 14966 33522 -59664 -26929 48836 45823 37711 55546 -58223 -22704 19071 48584 -6192 -53057 -43492 -2688 -58208 54305 62692 -50258 -58638
-44961 -13608 43728 -57114 -46247 42569 62104 -27251 9764 35428 49280 -35868 -19694 -10414 -2091 -7885 -45181 -41649 64739 -60987 47119 -21665 17287 -48209 -48132 31669 20388 -63223 -20486 26407 54926 27241 -8003 -239 -52317 38887 -54394 54876 40425 20930 -32140 -42236 65364 -42631 5437 -7709 -53994 40943 -45232 28559 61313 -50161 -63992 42021 -34840 -55220 -57795 15446 50557 -17277 -51918 -57466 11226 -58835 -16594 5351 61151 4931 59813 -65461 -30649 54056 -11856 -45949 -30873 -51853 -64733 11423 61537 -50518 -17096
-50769 -36409 -63425 3041 28503 50723 -30519 57234 29461 -25793 26670 -27040 24102 6546 -14244 8995 -6136 -17563 -5580 -38914 -62384 -52222 39552 57349 -52351 -59169 53321 45667 13635 34976 -3421 57941 36300 45983 -56857 -2527 -18348 19653 -62378 -61612 33858 -28501 24180 33808 20053 62396 -49675 37765 12308 -44904 -16220 -42726 14145 -35240 18473 -64976 -16127 8737 40856 -29851 63372 -41359 63179 -53935 -11942 -46566 -31944 45054 -46273 32686 26784 -30937 -4278 -22797 -52383 44714 -43659 -22926 -55487 41184 -46384
16816 -17977 2077 -11572 21737 -49440 59341 -5442 24955 -14180 12559 -29657 19709 -33691 8505 11636 47858 -62851 15204 33156 -43851 -9941 -56038 19542 16816 18602 -48231 -49502 -246 -17450 5538 18528 -62471 14039 -16780 -32742 -38773 -17495 58678 -15905 -36106 -35903 2677 28137 60234 -18048 -46362 44029 -55990 24928 58806 -32191 41396 -51747 54759 -23710 39446 -53420 -59473 -19665 -8439 -18037 32120 57254 -34516 -60316 -13154 -36798 -6779 56977 3833 15836 17630 -16078 29856 40605 17568 -58322 9736 -63191 19157
23313 59562 11401 37157 62746 -64065 13786 30969 -37115 37067 -23922 -59443 -49503 12853 18841 -49859 29427 43645 -37994 2488 47219 -60199 13319 36209 41433 -64366 -25771 -53846 -56260 18119 41026 1366 -52515 47361 -14578 -37999 33327 45834 27397 -56649 17629 -43697 38281 33871 44771 -27514 20903 -12782 -17665 -59400 55464 -40201 -12314 -25136 -17469 -62287 28610 -27968 58951 65114 -63544 -35433 -37064 30598 -49297 43430 46743 -36569 -16496 23551 3430 10879 -15604 5987 -65168 -12695 -30171 12088 54317 56395 55965
10222 -65487 64528 -17111 40594 -16750 52980 18365 -63076 7316 -32873 -63508 8297 3169 2359 41032 24994 -1309 26787 57506 -41708 32356 -57499 5534 65267 18786 29899 56316 -49977 -49809 -25413 -7068 24582 4846 -41846 -55036 24240 64740 -61828 919 38182 52104 10541 -37211 -45115 3827 60247 -54459 -870 -23965 -38876 40953 40679 63856 3310 -37478 -25082 49786 -2235 16060 -21311 -22365 42960 22183 41541 -54308 -24019 -8139 -53686 23588 60573 -14151 50618 -40636 -35572 -7178 -52933 -34711 -54977 -18022 -24318
46157 17845 8837 -36072 -49778 10791 -32145 57526 -7664 -3406 37753 30586 61724 5571 -4237 46244 4437 -5571 3589 60364 31339 -15822 -32712 -62498 -57050 -7871 60836 13653 46427 21123 60067 -51400 -59520 -6312 -6005 -27041 52682 28469 18139 -61761 -48187 14548 1735 -10625 4064 -31991 30219 26181 -38433 -41328 -12504 21047 11278 40966 -21341 -40400 -48446 -19885 -19860 -43297 -58336 61142 46061 54252 54611 -33001 57100 -44141 55670 12767 -14724 -54289 6302 -11994 -37294 -35592 -20909 -168 30620 2790 -19384
-43041 -14675 12411 -42561 -3325 53907 58234 47412 50156 -53602 42742 -44233 -63758 -23514 -41738 -50257 37756 -23183 57400 -31217 -5471 -54970 -43124 -727 -5203 41979 35384 -3200 32736 -24358 23157 -17306 37033 39037 31027 51996 -12855 56324 53013 -47845 20026 -63261 36743 59038 -54575 50319 -43568 -6844 -22967 62867 -50591 28371 -4555 -304 -28284 -10667 39112 -34320 -36002 -24482 59051 -37979 -24445 1263 62815 34723 -18436 28622 56427 -25207 6363 20199 35702 -3849 37451 14782 38128 -50 56589 -57479 -12923
38065 -5205 -64808 17574 -62757 58299 57111 -18158 31219 -59647 -49534 -26128 -27157 40163 4497 -63678 -10979 10939 -61870 34754 -14543 -63978 50568 25472 -24004 -29333 -44215 -16822 39526 -64831 62381 39351 -29653 -16930 -8304 -47755 26009 -8114 -49516 7874 37712 -62767 46243 37876 -10272 -31214 62600 -7123 -46918 44274 64107 422 31740 -21668 40097 41906 -37267 14378 10638 -11405 55102 -62223 -60600 -9790 11323 -48619 55453 -34991 -34338 35003 63824 -35665 -16406 59802 -2502 6195 -31752 -11084 63422 31087 -51865
1190 -28743 -52763 -21082 -1101 -54132 -47020 -56322 -31917 476 -58211 36712 -7747 46314 -59785 -50163 -25069 48964 46184 -45184 12230 38548 11958 3211 50713 62155 4181 7036 35971 -14597 -49806 -51007 -29570 -23771 -52335 -7799 -22361 -2277 64909 -23250 -31009 -29314 48175 -57490 60189 55946 -31157 22205 39932 -38749 4781 -4427 -45355 60367 49947 -5077 41786 38662 -38281 -29738 4974 -51056 22567 -13399 19854 -30023 56060 -6793 -65470 -24597 52231 63101 -29599 470 43316 -20566 48960 5955 -61412 58207 33319
3304 -992 62003 -39219 53931 54593 21197 18552 -39059 36024 20927 56041 -2416 -28312 52879 -12827 37236 -26200 -1638 -4324 21707 -53095 30206 -30142 -7851 -27984 11836 47869 16543 -29689 52834 17966 -48680 15147 -25874 -62354 -47248 56254 -48283 36706 -24915 -55362 -14131 -43331 -9476 -11740 34724 -51256 -9001 643 -52271 -38004 33053 -7453 7815 29275 65120 -22820 40293 20115 -44423 -55413 -62844 -3013 -45842 -7404 4001 7077 37226 63559 24353 -50019 5631 -44816 -49864 -28184 28498 -38763 65473 -82 42224
39631 32304 -11431 20389 25726 64774 22244 12725 -47625 -44368 42209 45729 -36326 -18026 -57007 -28566 39466 -41471 -16985 -36710 15137 58593 7791 39014 14265 59750 -12291 59114 -42295 -41979 -17818 -30517 49468 64480 -54464 -17497 26261 64276 -46447 14100 -50460 -47442 32045 -24832 -23216 -48694 33642 41746 -46303 22580 11315 51619 -10728 -28460 -2673 40683 -49329 -13936 -57705 39163 60124 -8600 -32629 62676 -29140 -18736 48193 -31327 61797 58366 -22207 48972 -30395 47044 688 37804 50988 29979 -1876 19865 20287
43740 43709 -11191 64596 -62769 -41445 6946 59060 -46985 -15988 24368 -50470 -7539 -3173 8858 62175 20139 10364 60837 10412 38971 -25475 12744 -31254 -16752 -51723 -33378 31488 -29827 63599 -14325 29892 -20152 -28711 55399 48353 -8219 -6798 15869 -16371 52797 -58719 -52726 -12646 -47080 -9866 30962 54535 -18062 -8605 -61184 -59862 -30733 -30924 7471 8624 38994 55424 1348 45590 -29794 49700 -42950 30445 -37379 -59960 58280 54052 28456 7465 23916 5381 33001 21083 6172 52141 37578 -31724 -1607 -4973 -4591
-4052 64497 -57263 21256 -39405 -6212 -45202 -56339 -44776 65298 -63362 -58688 -7532 -5770 5055 50872 -10938 47316 7775 31635 -64665 -59923 -53500 48351 48534 -58874 18908 17321 42274 9033 6328 -18484 54166 57675 40421 6922 -24909 61814 42475 4170 -20468 -17055 -31448 11552 22819 18790 58355 -60812 2750 -55698 -22200 15612 -59179 37533 -35368 -48145 57058 16925 61011 -60552 -19210 -21526 -59093 -41682 24633 49567 -4334 -44712 -35794 39414 -24627 -3756 49381 -5506 -17435 21742 -7134 -38050 -16890 28848 -23135
-5638 44624 -47609 -28184 44583 -19001 -4110 -11310 -24719 16707 -42748 -55108 18380 21388 -23065 -36487 56919 -58349 21132 -43789 20837 31274 -60703 3654 2724 58445 -12215 -31735 5635 -1146 -9024 -56332 -57031 16280 27268 14482 17984 -9175 -46382 44530 47356 -31149 -2975 63121 -29344 63807 61358 19535 -31993 10053 45398 15694 23079 41769 -30253 61217 -9235 -44249 1434 -14697 -14759 -13152 -49072 -46100 42940 58879 -8827 -29830 58742 28332 60394 -19175 11185 -54704 -36707 -46368 -8525 3019 37108 41535 22145
-57226 -11415 54771 -58182 -32207 18614 -25604 -46672 -12761 -12936 -10957 -65531 47261 -31433 -35227 18787 -54830 45594 -55926 59019 -61138 -64217 -14289 19555 -53729 -48359 20709 -44428 -12481 -24548 31883 -20592 -18109 -25351 8456 -9439 21935 -19157 -26865 -37394 36735 53249 24426 45159 7199 63 -19459 -43513 62253 59702 -7662 12832 54467 11964 34362 -33185 -41616 32173 -19519 -7361 -23642 -36726 -9065 53995 -31233 -24039 13631 63315 1238 -56952 -10360 14343 -49882 -43538 -42135 45573 -10598 -54127 63898 49116 33977
25400 -35063 39005 -27901 -51734 47973 2229 21650 -55829 -57108 -1490 -34003 -62927 -37143 -20985 28100 -18445 31849 63643 -36228 1347 25494 13507 52592 4108 56251 47123 59653 41628 41121 -50805 19513 7652 36146 29692 -61885 21310 -53366 57390 -39707 9715 -28710 -20072 -9936 -59855 -59352 -37981 -24192 34977 -41349 -58151 -58079 61712 64854 36056 40844 17304 -974 16179 54344 46841 27571 24772 -19045 -58871 255 -24893 -64405 22682 33757 -5554 47412 -52658 -53157 -17875 -14376 -29966 45968 48186 18662 35737
64403 23506 -38452 -29842 -34138 34129 -58640 54831 20306 15017 1087 51334 29004 -63983 -58260 30403 -12672 -48234 -35691 -35573 25505 10063 8232 31145 38584 -19328 -26127 -44189 -59772 10397 -17240 12728 -41470 -36311 -10598 -63155 33189 -16248 -21098 28832 38988 4372 -1457 36806 -45695 46859 -56792 -20313 -50745 -55894 64318 63371 15618 150 -41720 -44518 1196 -60016 9466 52561 38187 -57069 29021 -37322 -3846 -20708 41696 58951 -12541 -1616 34890 47222 64969 44136 53317 18906 26160 -21067 -54782 50735 34776
27146 64222 29626 -48465 -5865 -20414 -25305 21807 -55719 3506 -19630 14763 -38849 48848 10682 46910 -49774 4145 -60483 -28614 -56649 5191 55846 54608 -46395 -57124 51628 38314 -7103 -19471 -18783 13667 37060 -54198 44824 15945 -44002 -62738 13798 -52399 -45568 35150 -55453 29792 -37938 38776 -37739 -36101 64692 44923 49272 62022 -7229 62743 59700 35035 -17192 4287 58197 -26826 -30410 9065 53904 64613 20432 3638 8260 8360 -50395 1513 -23217 8097 -365 -60795 47447 21195 -35 25038 11920 -24948 54803
-42974 20971 -54614 5017 6953 -4618 61672 -7572 -4209 47348 -29832 14072 -56349 21471 57817 60937 49835 -25126 53735 28460 -35415 -60623 34038 -3562 -55557 30101 35141 3961 33927 -63119 -43801 12038 -17145 -49224 -37610 -23154 3237 -27077 21877 -1577 42954 32359 3420 46783 -48267 34973 30676 -19978 10320 35388 -58176 -24933 44844 40249 28549 57169 -42744 -42106 38261 31026 44853 -39571 3924 1272 14567 4554 26944 62582 -24532 26415 55639 -11192 53775 -46624 -59644 -64147 56029 7083 -45524 -21428 -30264
-41326 -14408 6433 58775 995 -51995 3821 24993 -55729 24486 11594 -17902 63470 44287 -37253 -60340 -57294 -16659 40567 -46416 -23499 61500 -25688 -50931 -35049 -21974 -5985 61814 52788 16651 -58078 -23862 -64687 -37032 51260 -32607 -61569 16382 -64315 -26676 -50265 7606 63243 35994 -23254 -6077 -7892 -46082 57030 40798 36198 41756 15462 55943 -4533 -31066 -62835 936 -48692 13655 58794 -45185 61629 -32026 -53871 50384 -7611 -30180 -37469 7872 -5744 -24376 45739 19001 -11838 -14005 1007 -43406 3311 -64702 -51313
17220 19832 1800 12578 -58609 63466 40069 -54163 46894 -26307 -55135 1816 -51947 -64551 -56466 -50365 -8496 1601 35695 -22677 7099 44647 -14566 -8328 4673 56203 60813 -49583 -3583 -32360 13471 55954 56868 -22104 -9356 45032 -36773 -21011 30437 -42110 -11928 -53685 -6477 -45480 -30449 -45675 -24566 -33720 -28804 8017 -55181 25207 -57527 -51443 8939 -23083 22842 -20676 11579 30172 -5847 13482 54688 -31636 -18356 -46828 -18914 43803 -12948 59215 47986 -24616 -4622 47885 -51851 23629 1448 -3626 -40227 48247 -56024
-32457 7268 58078 18910 -56866 13717 -41843 -8325 -37362 -24892 -4579 12173 -23440 -2412 57408 10125 -33755 11985 26284 -22495 399 60795 27606 43915 31807 -27636 -18245 49274 35737 35662 -33454 -62103 9787 58307 -38345 43960 -1363 -49457 -29315 -24985 -33400 -19109 30724 -39804 -3390 -7508 -57114 -35151 16461 33055 -31313 12067 46059 -46154 -48228 -6204 -63889 -55252 25663 39573 35393 -34868 50578 25199 2194 2010 -36361 15867 -37357 -29444 -26713 -49465 32755 57646 34796 30338 40998 -1643 -29892 16687 34730
32693 25698 -61833 -28359 23276 -49613 -22158 -59800 51861 -21223 36814 62557 6284 -13178 56617 22177 -14597 59059 42625 44124 53082 -11838 4228 -50253 -6201 30002 -50135 35056 -21488 -13265 18883 -10015 -23329 59252 9806 3619 5198 -59325 787 -41466 60900 38252 44709 29542 53719 -29956 -30704 -52150 31997 15620 4864 -1382 -32342 58090 -60675 -32926 29637 26297 9485 8024 -41984 34278 5011 59870 -65098 22330 49402 39878 22134 10114 -20720 49604 -29460 -54007 -57908 31535 -44362 -21753 13760 51618 -10898
-39262 31639 -30133 18716 -46724 -41775 64899 51515 -38033 -44858 52187 -43434 51982 46833 -29026 -40142 -64048 -22496 -62907 52041 24350 50129 -44543 50100 -38975 34397 -21463 -40735 63313 25025 -17723 61702 51137 1426 44398 -59343 43540 -43570 -35728 -35909 38944 -63168 34759 47763 -49783 12924 54453 -21301 -55699 -4799 64542 -1605 63162 -11666 -50329 -50311 2642 -58386 -36876 -28546 -34146 8024 44518 12655 -43220 -34672 54721 -750 -26331 19751 -64385 19282 60332 13540 -58254 -33185 -10506 31299 9733 -55368 54661
9358 55413 22777 44574 15020 -59966 -53768 -7430 -38099 59431 -4871 56535 51820 32825 33042 18731 38121 -46762 -58823 58410 49241 43434 -4588 -61088 17183 -14313 -432 3235 -54473 43247 34460 22852 62408 9233 9527 65354 -45847 34712 -50980 -63670 -63862 47269 11040 -2431 -30808 -55967 60652 62539 -11433 -41660 61985 -41526 -12976 55454 -33759 4316 2742 54249 -63411 -25166 -6990 -52000 28094 -49042 2921 -4358 -35824 -4097 15074 25694 -6865 16276 43628 31475 5494 -18779 -59347 54631 65223 -7730 -48864
-29602 46011 49436 33319 -28799 -19761 -23126 35419 2604 50789 -8364 49539 -6985 60833 -64813 -24643 -60639 23410 38152 63940 47545 -7003 -24568 34799 15066 22367 30577 -52895 64203 -46906 39112 17535 46764 -29749 -65065 -35124 -13614 -38323 -5343 -49287 -11285 34778 18280 25126 11325 -24426 -39047 31956 52327 -56609 -47541 -61339 -64595 -62484 -4076 58629 -27755 311 -52644 16648 -42221 30462 -56755 -46178 2531 -11607 -49927 65200 25019 32279 597 -41075 -64640 39478 48283 27085 -27053 33595 -32258 -31271 -58425
22206 -50725 4198 15529 -51560 -57632 25614 58942 -58488 4442 -45329 -12765 -40641 -57718 13076 53242 -15887 14290 -48060 -19945 9658 -35175 7537 -45166 -7467 -20878 21301 -45703 32260 -59396 -58310 -7244 -42680 -52521 -3018 4153 -35983 39721 -52262 34697 6910 -5335 -61890 -11090 -37358 -22057 43081 7257 -10781 35010 -14797 -31402 15394 -33878 -58782 -7751 48389 61986 -11705 22782 31577 61948 5731 -58679 -47156 -15384 -3015 28215 -47796 15999 58393 1953 4710 -45802 42264 35763 -63042 -35906 55787 -9857 -50035
63992 -41816 25772 -28880 58629 -14335 -47804 -56233 -547 40702 5535 -50600 53870 9534 31542 63863 47350 8341 42084 -10957 -18092 -9682 7809 11312 -3785 -10065 27880 8452 -17507 14739 -22686 -1006 -53809 25553 2577 -65094 -1800 -40448 45679 26076 -41195 -34365 -65510 -600 7822 7413 63798 -35878 -20180 15258 25894 -57618 37384 -20536 17216 -28885 35328 43496 44482 20279 -55824 -14487 51795 13846 -18868 18859 -27286 -1726 25793 -37745 23027 60157 -61673 61787 2560 -39432 -25173 -2262 -63797 29196 27144
-62904 -11182 -52882 -39326 -59775 -25786 1943 -1980 3809 -24690 27606 11703 64271 12061 14068 -4085 -5117 -41264 40370 30287 34982 -6366 -44195 -40796 -16097 14775 34223 -21042 59332 24631 47207 18430 -58747 -1390 53936 17509 451 18301 44529 -856 -62561 60404 36691 -39548 -29316 6283 -8835 -54242 22423 -5221 33172 -19814 33983 -49632 36490 -35810 39677 -7608 9262 63027 31699 2812 -11303 -57634 64446 12593 45032 -19991 54261 7493 -40452 -13320 -54487 -27608 -26495 38609 2667 46314 6906 -41129 -57351
-43287 54971 -20763 -51666 50895 -21231 52627 -3907 -15814 9278 -5822 30598 27304 -9249 32846 -61028 45732 -36975 54303 -11153 -51894 33792 4915 -61946 -6688 29322 37937 26422 -21736 -59132 19233 -38110 24055 18179 43697 -4708 44433 -8313 -24017 36360 -58111 6920 -61705 -37754 -790 27481 60964 -3190 25179 40111 -38926 53505 15553 -1347 -48691 45575 -32830 -30238 20816 37941 -7669 -25293 18395 -23702 49581 47139 63596 -50688 973 13601 -31935 1268 17624 -46127 -9944 -55693 11223 2481 -61347 20733 17447
35139 39235 36112 61866 43950 34144 41931 -23818 62903 31563 57554 -20475 40095 15181 57045 11324 -53728 -11221 -53827 42307 11591 25520 -41776 44992 52655 30611 24523 -47183 34269 -2099 -46564 -1010 16299 64479 -41197 50196 33669 64277 4794 39681 -53543 -51087 51537 -64532 -34033 -62189 56504 3319 -42988 45275 -50082 -4360 11681 -24219 50820 -48700 -43075 -25333 -39116 -8445 58427 -28220 -15559 -26090 59011 35014 -17715 -33983 -27109 -45369 35587 41545 -48882 1748 -18083 50140 16534 -1613 54211 19707 3909
27659 -59071 52445 14925 -17316 -64466 -49509 21454 -23381 -11881 -47443 15775 35810 11873 -60712 16428 -27237 -48124 57572 -59621 -59885 15779 35908 -840 55122 47890 -38468 61234 -54236 -32705 36739 11501 58060 -21164 7708 44374 -52933 12766 -4654 -44422 -1569 -44589 -22073 -36411 10416 -41227 -25539 -24814 5720 -50402 -6505 33756 18595 -65468 20942 -22879 21016 -55717 -25649 -41320 7686 53798 17503 36330 17124 -5425 -24760 57127 6110 -53834 37612 -865 -49476 -41381 -5077 15964 -31888 61369 20178 -56210 -23581
29606 44743 64873 27996 64810 -14381 -55930 17153 -56215 36742 35892 -8615 -36674 -36549 -45121 33753 -63295 -55887 -11062 52048 50487 -44908 7702 -2063 41922 -30075 35121 22495 45251 59326 14415 -47991 22208 -10085 -30201 -60979 22555 58305 -55863 -45230 -24844 45149 9206 38114 44934 -22498 -7814 -45045 -31805 -25466 -50629 11192 37049 64150 28614 32617 60034 53887 47710 65321 -63437 62086 -3142 34774 14361 -39297 33680 -36671 54597 29240 24551 -48232 40978 11843 -50913 9085 24445 -60422 -11844 -44941 -10333
-51621 20845 44277 -31147 55925 -13795 -27515 -45710 -34566 -56769 22621 56284 -21095 -39995 46403 47055 -58409 -63210 -51256 65352 -35541 28603 12405 -35247 -1026 -44560 -42513 11008 -27372 -41403 -24456 16347 -15743 -20240 25644 -2367 42571 16622 -8940 -20895 -60243 43296 57816 21805 11206 -50715 53723 56349 -62614 5449 33491 -60945 48304 53994 -34073 -63706 -39661 38972 -34545 63320 -57792 27659 -34577 60341 -3509 -63025 -27033 36372 64318 -23481 43172 46273 -46835 60935 54472 17339 49101 27095 1874 -38219 -8882
-44311 64086 22815 -46693 -37803 13883 23154 51212 -14840 -35064 -8119 -18546 7706 -9135 -51393 -42269 47796 3527 -9504 15060 -61351 59468 51696 -38710 52912 33987 35584 55952 38862 -32083 57309 -2721 7933 57719 21940 14992 58761 -25286 -17390 -41901 -26792 63237 50956 6584 24278 -49971 -26631 -43120 36453 60561 -38033 -46434 -32526 18480 -59217 61000 15515 -2216 30165 -46952 58342 -4206 28589 45660 49692 -8449 -51420 21495 -20851 53078 3107 -9290 58148 -4 12237 10244 -64123 -35056 8161 21705 -16426
55992 -63605 -4200 16728 -27118 19007 40245 52524 -44145 -41289 19890 35702 -33928 -21775 -59771 35532 -22670 2031 30930 52116 29912 41798 -39391 24663 1897 46502 -16518 61710 -30676 -50925 -9968 -2348 17724 -19284 -31872 38257 -52116 -33497 -20086 -9093 -16182 4072 31260 3002 -48117 -26923 23644 -30153 53785 11389 -7307 6451 -10348 -29390 40185 -53104 26112 27715 -2065 12240 -39873 -34828 42555 -30935 48309 21951 -51655 39422 -29674 -50073 37762 -11414 -24448 -31837 -51619 14684 50506 4987 -12613 -8272 -56903
-18183 38210 -51950 -47628 3725 -57739 -63779 -31278 -25222 -28484 51779 49278 30496 -63405 17466 34719 -740 -12185 -10885 45710 21910 -63713 44638 63042 20328 45706 -21749 -45542 64924 -35817 18494 55853 -36407 52145 53043 37387 -65411 -58195 26938 -29607 40147 -41243 47917 28909 22600 53878 30111 -44600 6368 -4546 -61163 -5114 45580 57824 37329 41347 49612 18511 -35825 -5533 -11666 16753 -14499 -65037 27003 28870 41086 60765 21866 -39378 -21018 4898 -14240 10112 50155 -51116 -6630 1372 -13009 -21854 -141
35442 53193 53170 34454 34743 -46640 19029 16367 23196 56528 9649 1430 1326 25955 54790 56598 31304 -21815 42127 26365 19429 -56487 21431 -11308 -13705 50810 -19004 -57781 -61097 -6694 3601 -17923 -36871 37788 -6108 -45455 57398 -62140 -23718 46928 7070 -22246 -50427 -26557 18728 46685 42988 57282 -1268 -52783 13448 31854 -19546 -32129 24049 -56422 -34013 -14322 42462 41192 -60021 58013 -5947 -9256 34364 -38235 28369 -45820 -19516 39484 17445 -59527 51375 16636 12770 -16448 54129 65140 50235 13048 48565
39806 59940 31598 -8835 65310 35011 33503 19663 56946 4886 -28974 37760 -42153 21005 -23221 24437 49985 -4967 46294 -30502 48825 -24509 -20451 -36985 19189 -9761 -47846 54926 573 34570 8988 -6701 -46906 52672 8105 62147 -23206 26524 -42055 -6399 -12544 -34628 38286 46652 34342 21962 64247 -10197 -37820 -153 -62656 11579 -53320 -64841 47712 -19448 -30607 -42349 -16472 -57470 -33355 -20820 40552 15745 -17522 -364 49701 37874 338 50869 -61139 -36590 -60579 -5781 -62832 -58528 -7235 -55299 -24171 -63742 25495
-34591 -805 -25928 -50913 -61119 -31575 -50468 -39502 -3528 61837 55184 -45878 -29815 35561 56564 64556 62994 -13359 38218 -38654 -1816 47258 12624 -20586 -59629 16017 6408 995 -33652 -16366 7908 30946 29565 16633 30651 29818 -40400 59320 -60087 -37546 -2130 8654 53096 -45892 55665 35912 53094 40590 65118 -61739 -8183 -59558 -32387 49101 -48776 55890 -54653 -7152 -25974 56416 45317 38404 -42469 12861 33261 -28608 33725 48255 -22346 -43704 61537 -5762 -33228 30752 -60143 -17785 4403 25024 -56785 -52198 -37185
-47280 -59755 -14725 60917 14607 -12786 20926 53409 49075 11462 -54478 57351 -23933 12542 3188 15281 -11747 -51896 -19884 57561 43186 37848 -3338 22155 -61483 10505 31526 45512 -36810 -9605 -29810 25641 11940 34186 45810 52780 23543 -32646 -28329 -53865 22177 1615 59189 -50909 -33851 -22528 18998 -42016 26593 -42741 26866 -44826 12783 -13588 -53664 -15552 20382 -28819 5816 18233 62576 22942 45296 -6153 -46170 -39809 -25263 -45835 -10401 -60745 5953 -58878 9050 23275 29570 31637 -48865 -58981 -37874 11753 -23703
519 -35288 -16309 -62869 14894 60124 52548 -41385 -9465 -16393 47029 -28061 16650 -40666 -59645 -3942 -12384 33827 -48797 34395 -9492 52400 -54592 -20737 9981 -25587 3314 42130 -2656 26492 6750 -27155 22477 -48730 33876 46448 -47021 10520 -13428 31350 -41824 -11141 32248 14489 63918 -31672 -21602 12428 178 -40709 -62563 -53165 8249 -65505 56244 -1550 57551 -56181 -987 -10206 13218 -51694 52532 -3041 32735 -55641 -54708 40436 -35593 -7802 46797 -53261 7109 -23266 -26887 54538 37196 6090 23285 52423 63654
46647 33880 -27636 64738 -37396 -14351 -11011 -51361 20690 49318 -23209 -14565 -1953 45239 -22932 -18582 30252 -38872 17010 40832 -5953 29704 8537 2120 64438 13069 16382 60020 -24830 -64774 -39382 -993 21589 -63362 -33848 40778 8703 48822 -48859 4045 -43466 29034 4180 41496 -57548 23789 55739 51805 -1132 24837 -24083 -32604 28157 44527 -41612 -248 41681 -48179 -158 51638 -26009 -16336 59331 -12242 7858 37804 45932 21626 -29891 -19611 -22027 13153 32349 38947 -56664 20504 -30349 59070 9418 -28217 -54076
-20815 20024 27525 -14085 -2189 60297 -16125 9232 -12383 407 33811 40107 8174 490 -14519 45113 -60960 57963 -24679 10532 57986 -49164 52097 39660 -51226 30572 -3569 43037 38082 51578 -29694 40490 27457 -43304 -45557 -12237 -10956 32587 -25445 27584 34616 15863 47692 439 6305 12639 -48520 5176 28485 -52001 15871 6979 7980 -55803 63513 -11731 28873 49828 38280 -62218 52683 9945 13189 35457 -58380 55304 -8111 31369 -29605 -55038 -53351 -42670 15710 -47089 13485 -4526 -26997 25087 -33224 22791 32419
48301 50980 -10825 7364 -7722 40375 46281 28668 -37314 -58496 33899 3258 64464 62862 -47182 -48684 46595 -9275 -7959 41183 -17784 -41507 -118 -63558 -56357 -46074 -60178 -35787 3605 -48331 63518 19208 -36694 37535 57045 21757 47955 18541 9892 -39508 -32759 49946 23496 -61948 -40406 57120 -23104 2834 11526 -45379 30606 -21680 -15922 -58681 3971 26951 45942 218 -64934 -50739 47488 -57893 -38774 32537 40194 12221 -27334 -62224 -57330 9631 31960 62969 64497 29754 -26190 -41893 24126 18600 7687 53271 -38552
-2545 45474 -40678 -15963 43354 50185 22353 -11360 -61514 -50936 39501 8171 -63752 42611 21993 -36369 -39199 28570 -30308 13881 -52738 48982 -40285 42879 -57044 51850 50134 -18311 54437 -8551 -25671 26805 15254 -13828 62804 -21579 1906 16550 -42878 -15700 -29444 -45220 -51425 -968 47486 -49522 -40936 24124 -45499 48221 -63406 46475 -11639 14125 27604 -63882 -42465 -51188 63558 35732 -49229 11983 41680 -57000 -3451 32370 -45787 -52527 51028 -63728 21814 -54986 -41131 -26489 -6618 23744 21144 -58252 49355 38635 44458
-13714 -11773 -44074 5191 35400 60612 -7754 -38878 -63549 -32259 2878 38527 51903 24553 -53569 8632 -18389 12784 56787 -34936 -55023 -47969 -64585 37332 -22057 -26214 -51619 2846 50169 -64054 -27622 15767 58291 10160 20735 -1314 57452 -27733 24332 -49144 -21288 42182 -56329 -33378 22689 46243 -7057 -12563 41795 7547 31254 43670 2912 -46085 -40701 61499 39580 -5462 22044 -23741 -19565 44770 -33461 47430 23862 -62860 39874 21868 49302 -27034 -35616 50479 22812 24896 18781 -8721 57830 -48660 32285 11585 -21135
-46249 27736 -55724 64710 -51626 63409 -3681 -29439 36977 19718 11048 12386 23840 58563 -56811 40294 33673 -6268 -13584 -24464 1968 -15482 -27583 3118 38560 -31959 18122 49882 -41170 27523 -14547 -36355 10719 5454 -61053 33069 42658 3756 43840 -35014 16218 10135 -60603 21940 8346 -36614 -42 -18872 -27410 -62474 -225 -17464 8007 -30208 -48484 -17645 -39381 40278 -10644 54694 -48746 36464 -49122 14298 669 -65173 8567 65413 967 11478 -43083 36377 55359 52798 -57191 24420 51957 -20724 -54986 -41506 -34203
38640 20555 -46249 15232 18514 12405 -16213 -4560 -54340 50123 57431 6345 52857 -39731 43350 -42187 35458 -20075 59814 -55900 -6472 -32015 337 15616 -48837 53683 -54435 -52679 -38660 -54612 -14161 -2786 -14566 -23016 -64114 -64733 36917 -23164 53690 63873 -63102 14276 -15896 2555 -1868 -2772 62892 40479 47659 -2261 -63049 -11689 -36324 16945 812 -24281 38771 -42734 -28613 61310 -38890 -28089 57488 -7992 16096 -16257 -62806 -13058 -27977 60383 -17391 33903 -25270 -50371 -35972 -24966 14371 42711 25340 -8971 -54516
-6638 -32218 35344 30131 29094 -56241 23422 2634 -9097 -53574 -53490 -27300 -21591 52523 -29261 -52916 -47176 -58771 16681 -65402 46990 -504 13937 -34467 35766 -46786 -57343 -31898 12173 20546 -21450 -56670 47394 59489 -37197 -51956 53248 -37880 26802 33494 52122 17273 -27823 -18729 34526 44520 907 13055 23445 -49046 15160 -48097 50664 -17464 53221 37411 -62107 40602 61963 -8093 45815 65036 30282 32325 -329 -60154 11359 59263 -11143 -3042 52281 -16184 38611 -29140 52912 -44192 -61465 -32083 -51126 -33639 11994
-19010 21725 -46216 15402 -4668 6371 17277 54045 7644 54048 26470 5140 6702 46219 27644 -19261 -61454 -49288 48707 -56341 -46419 -29133 -46714 -37662 49440 -28798 3971 -12397 -3427 39090 -23491 -3282 43680 57366 -42500 -3215 40958 21636 11634 65004 41965 43311 -65378 7091 -19011 -42166 11453 12937 -54920 55242 48980 43483 22672 -61504 -63230 48884 12722 -21798 54041 -23336 -62465 40921 55504 32036 -9104 21106 33633 2378 23778 -49913 54218 -55147 6746 -41333 -41027 30677 -41653 -52554 43401 -19065 35552
20876 -40624 13673 5036 -18443 22066 12102 -46177 59403 2553 12056 -59790 -44351 -57205 -63547 -37834 50395 8554 58397 25555 46248 -42870 -51404 -63665 -42235 2634 25387 -22249 18421 -22615 -21268 -36469 55862 -22443 -28184 20360 5243 13230 -47667 59882 -41479 -2799 27019 36569 -7340 21350 15965 56309 -32390 49442 -12525 1051 25768 13469 33026 -59276 58240 -44249 -62413 8541 -54312 -40674 -29803 -1227 973 21129 37762 -32050 -43436 -27328 -18882 -14525 31243 56700 43419 -15444 -46901 -10268 -39716 -35457 30940
53560 -19298 40069 -16858 53080 62075 27187 58723 -54864 -22204 39775 -63542 12427 43187 -45257 61474 43852 21169 12143 53231 -46340 32490 11503 -42869 -13812 -22736 37537 -48142 -17667 -14909 -29626 62906 53491 61875 49905 1608 -57738 -13882 10604 2081 63912 -5173 -8196 52733 57154 -61326 -54011 29515 -40920 26438 -29432 -63968 -26192 -11236 -52494 46023 -19326 64538 28301 -27412 31755 55103 -12646 15775 31321 -53958 -13092 8642 14612 48776 -27986 10341 -42081 -12532 23478 9355 49875 54013 6774 62369 33008
-4261 -38281 60595 -14257 54191 31806 -21837 5217 23957 35352 -23318 -52871 48520 7655 -45612 3610 24026 45143 45662 -35491 -51378 -65067 57287 -54470 -7850 35850 32562 -41442 -26547 -36153 12110 -57095 7116 51873 51781 12301 35127 -56828 -12477 30882 24975 -52270 -55085 10346 29439 -19470 -7708 2842 -59710 -57212 26298 -58313 -6632 47452 35407 -37864 53787 -44508 6477 -59430 5765 1770 34337 23898 35893 53077 31674 41947 -21111 -2625 30871 -42462 54539 -18332 45863 49758 11819 21467 -1273 -4015 -15561
-13269 11464 17474 63243 -29826 -21438 -63740 6542 57848 37831 22611 10392 44009 63236 50817 -27806 -61470 -60123 16228 -19715 10742 36080 -7704 31073 20884 18462 36019 -25574 5143 56460 44352 18740 20291 -12047 44688 -39451 50045 -42616 5757 51050 -3401 0 -26720 47902 57051 -9287 42098 19871 -17691 -37856 63028 41176 -17240 -33568 22456 -62826 -55657 60643 -57274 -36348 -11305 -56593 440 -29017 -60415 29897 54506 54714 -12631 41250 13834 41937 -18338 30070 54561 -56343 -5898 51237 -55301 20891 -38097
-57736 -55844 -53995 -53153 -34834 -8650 -53308 23732 -20316 -44129 44715 -55666 7753 41761 -57138 61684 54481 18386 -51422 -22812 46865 -38949 32927 29535 -37824 23761 62864 -49483 -29308 -53056 46655 -47601 -59786 54194 10684 -31571 59353 4738 -47209 -22405 -21182 -33073 22462 -52249 23028 24393 64105 -2360 -14122 20076 41548 -23621 -26891 -51672 -34249 40295 -64629 -1865 -12475 -27551 -61290 -45276 -17745 50500 -44853 -47856 -24136 -38430 50581 40670 -21239 23513 63478 57664 32743 -64364 48084 -39576 -51461 58937 39399
63925 -12019 -42362 18240 -31315 -33598 -11766 11574 31996 -52056 -10026 -64215 -18566 55573 60207 46929 -17889 -52030 55178 -54635 -41119 42844 30051 -64994 -62141 -47147 -55811 -19921 -19965 -45717 -58985 31677 16131 -43295 63900 -26791 -24934 55232 17256 -65382 60740 47304 35842 11361 -54288 -63199 -62341 38533 51893 26874 44971 -51524 16747 -55503 -5209 -10175 4352 -60 30769 37068 -15428 22001 -55568 47832 -50859 43696 -36169 4095 55617 61984 -12621 -55060 -50395 -27544 -64318 3307 -62160 27768 15939 -13810 50500
47144 -36117 12678 1481 -47841 -4103 30200 -23476 -10179 -20596 14388 12477 7893 -64970 63816 -20841 34999 59536 31112 51491 30385 13811 34077 -847 1161 3522 17817 -64475 23653 20979 44438 12199 -34509 25703 -5733 -53550 58808 45899 55176 -40544 26733 -8150 -1275 45903 -5400 39602 -64278 -48574 522 1359 -9100 -7586 -3718 -50863 -57277 10457 -7658 -31316 -27877 -43389 -18098 -33224 -16112 -62522 61083 -42847 10723 -34477 -62500 57170 -42226 -29400 -11633 -42683 19706 -52935 -50991 54219 25162 13569 -24487
-18118 24422 -23744 55202 -29999 2284 62111 -59859 43912 10282 6443 59775 -21337 -33017 26517 21427 48817 59569 13894 -64891 -64415 -55151 -39543 43953 -12544 7136 -37866 -51259 -57108 -4663 36781 -36905 47236 -10261 -43851 -61656 14956 14133 60989 -27253 33781 44003 -8824 -31204 13147 2305 52249 -35284 13336 53451 -35466 -35312 5130 -64782 48180 -28038 40369 63483 -44493 19562 -29022 -31202 56904 24733 -12676 9365 -38682 16882 29956 33805 -50852 -3249 -64874 26421 12369 48298 -58650 59164 -2886 -46875 43791
-4719 -56464 -19392 -50287 63963 -17248 -46270 55117 36842 15371 -50309 50315 -41895 59715 -32022 27565 -25774 63251 17296 50491 -27676 18862 29160 -37716 -38449 -55215 1174 24829 55977 -7148 22295 46159 -19177 50111 -36866 1240 7929 61082 37097 -64970 -43802 18191 -14597 57846 -17837 6740 -1139 14739 -26639 -36019 -49380 14566 47927 -11089 -5626 51884 -4322 -13136 52546 -36902 15059 38744 -63891 -49090 24209 6618 -58032 -3264 38223 14847 20418 -60428 2177 48326 -3775 22753 10414 -31323 51632 -57303 34729
-12302 -22636 26229 -55157 18445 -4790 -251 8352 -35374 -696 -5357 -54890 -27149 43840 9946 -61207 -63365 55061 41674 45109 -24050 18066 3150 -30406 -8596 -59322 -24770 55239 54301 53973 -29097 35542 -17419 35590 49704 -13250 -4518 -24492 37312 -61634 -54894 16350 -33877 -24708 33886 4866 -57874 -61857 -50540 16477 18199 59241 2497 -27986 43981 63646 -38151 30804 41072 -35997 -44544 57809 44107 -13315 -38577 -25412 -19101 -4557 4415 49363 24179 53824 -39737 -10565 50318 -30856 32715 -35686 -39019 -15781 7980
