9745 -46296 56398 -43192 -63104 31033 49593 23106 -2388 -29872 -32775 2721 14231 50399 -56332 -51348
42102 51347 37210 -32822 -55704 -18930 21704 17496 33537 -54216 55600 -62428 44369 -35571 9880 -49931
49583 47530 -22716 -20449 53742 -5895 60617 19270 48508 -14606 2692 28478 -32529 48880 17893 -36348
-16898 -61003 -64645 39877 15884 -46143 -15968 -53188 -21780 -54179 -40779 26148 9334 -11505 -48599 28095
-9883 48580 1685 32727 -17608 60723 44776 47513 8304 -39389 -37410 -55373 34501 -48711 30185 -64559
-37055 -50719 -62689 16371 -61853 -50062 -51826 -14008 46068 -56102 56736 20208 45529 -30965 -10370 -50288
63194 30119 51667 57715 -1552 -53311 -49633 50556 39344 -45807 -15728 5467 -51226 21835 42014 24365
-57149 -25026 667 44222 57072 -40050 -12201 22227 -23607 -11546 63163 -8996 -61985 25731 21116 -57963
-61850 -18707 59312 -54365 17199 37044 -29226 -3306 65020 47280 -49768 11735 6490 -6313 5114 -9746
-13753 -14461 -28396 9935 -59250 30779 -1848 -36134 -43020 54508 49394 -14317 -22699 46365 -31540 -36365
29021 -56984 -4998 7071 39806 16246 25531 -54242 23924 -63031 7336 -33034 17155 -4299 -634 -20097
52195 59325 43140 4346 34212 57735 59961 -10894 -5754 -14470 14246 -14615 -61943 45334 23112 -48382
56315 -19819 -23438 37064 10703 -25034 -12379 3757 -64208 25303 40111 -13838 10525 -18085 35510 38104
19556 63307 -29834 59418 64789 -20867 59567 -22136 -51323 -17911 -61811 -59658 -50323 -58516 -9502 -36490
12544 49953 60056 -7065 -37178 -44908 -35465 7040 -57226 -36613 -35441 15668 15116 30321 36691 -63655
-44954 13759 26029 -56927 -41787 8270 -36890 59331 35817 59031 -2141 -59472 -33648 44212 -62522 6928
18714 -36234 55139 16918 -40183 17014 -25062 -19316 7967 -40305 60292 34459 -16512 -62321 18966 9155
48228 9443 17452 29420 -40942 35178 9546 -34075 -31212 -19029 15510 -58709 7314 30238 17930 63829
-59282 43473 -14258 -7739 55782 12718 40531 7504 18600 26840 -26885 50035 53064 -29358 9709 -4038
-13628 5699 -34932 -54110 -47094 -53452 -50997 -4543 -4806 -21988 55227 29730 52750 41851 19924 -3801
46461 54859 -22607 58004 -53339 -13619 8208 18 56033 -5164 54167 -44960 -45844 -2169 56183 45079
23888 5023 57229 -6823 -4909 8539 625 -39072 61670 -32347 -1493 58471 -52111 -3933 36729 -16425
34661 52168 -19356 -22405 -52637 -35606 5899 30705 57495 -20582 35524 31053 -40672 -51684 55693 -32205
59840 -7039 47713 -1789 -184 -19062 -44262 65164 64985 -376 48977 -20020 -61443 -45862 -62443 10360
-44643 21105 48452 34871 41955 -60393 39767 -38337 58271 31856 -20577 896 -60329 -46248 -62442 -46321
-65385 52863 64159 10197 -56051 -35903 -13389 48428 45200 36217 49847 58484 11751 4226 -56734 26334
47024 -39959 19195 49374 -5065 9643 -52343 -56520 -35064 39075 14233 -29266 26340 48083 -3519 -32326
11523 27404 53115 -55574 20686 -2446 -26854 49442 -10701 55074 -9862 -63806 -60578 -3633 38394 5818
-28410 49368 40755 -34914 36122 -57012 -48938 -40308 -42977 27227 -49618 -5119 -58570 -26725 -35159 -13011
124 -23003 36419 -42572 -17809 47337 5793 -51797 -21080 -26450 -29951 -62053 -2349 -48420 -30015 3102
-16113 53485 -60475 1786 -40457 1170 -65055 21811 -40562 25212 55078 -25347 -56386 -20316 -21237 9125
-56665 26217 12883 -30603 29843 -39129 63413 -45826 -36550 -39674 -55476 -49998 -42386 -46006 -28942 31438
-23511 -30214 12035 51976 27210 -29668 -31517 923 43784 8321 5317 -58289 42854 -49828 34685 40730
-55387 -19725 -11452 46047 38699 9481 38523 -33155 -62593 56408 7145 -13144 53752 901 23567 60884
36338 -47656 36295 -1132 -42674 63151 -16152 -25429 -8641 -2226 -45915 -28023 17974 29002 4071 -7998
-4574 -12614 8627 47936 -46099 41788 -47054 28710 9166 64973 21360 11554 -20785 36111 20509 32195
33331 -31026 22387 31675 7115 26071 -2414 61204 -51646 -34740 60032 -62315 -791 -32753 -14490 42509
-54585 61500 -49156 -53738 9945 52403 57723 -10992 -22058 -15527 -9694 -58429 33753 -60306 -57778 55304
-35263 -776 3692 49906 -10715 25416 -51217 -26363 -30198 -45859 37337 25058 32789 9586 -38237 -27405
-32496 55766 1755 -48802 -15144 -62140 -20814 -40030 -21006 -12254 -35937 -6565 42424 16619 15124 -43213
-5020 15031 -25193 -60998 -6383 -13563 840 28426 49796 -43340 -39229 60513 -16263 -60223 11169 -31562
-30181 22791 -57752 -61054 2902 -4043 19083 -32932 -62988 -14028 37152 27040 -11611 -43494 40037 18007
-7376 -5368 -45791 -56801 -44050 -188 40279 57683 55484 -41897 29614 45103 34543 -53137 31230 -40480
-15636 40842 13077 23812 -38175 63797 50766 -40498 -7694 -22835 10323 -3237 -60376 13603 -62745 -56813
-62622 -14682 -52968 -13752 4159 -30036 -56042 5977 -21930 -24167 -42511 -58967 33942 -24985 -63574 40727
57700 38715 35809 22811 -56173 54714 -41216 -44495 21832 -47879 -17221 -39804 -15533 -5636 5290 -46514
49806 -62329 -41632 3829 -20238 -1049 -5833 54742 -14095 -11801 -63923 26570 49743 11070 36442 -21249
-7803 -40638 -50765 -21946 -26536 22970 15787 -52772 -4148 43198 13140 -28253 44215 21614 58101 -31209
-25670 11082 11314 23293 -65354 20277 -21940 16187 -11145 -19861 4536 -15277 55380 -3842 12715 13229
-25206 4090 -56008 -38453 -27661 -12735 -29805 -49149 -31351 54868 21365 30958 1035 -44021 -39079 42509
4131 7566 -50924 38910 -33919 53081 -22237 -48282 -55368 54768 59158 34420 -4868 -47258 16949 34430
11601 -22659 -55236 46961 55658 -53157 -26089 49915 -52858 -29671 -36142 -33005 47433 4419 16365 58591
4479 45641 -47823 -37626 54440 5550 23992 -28197 52743 -38371 52018 -42533 32273 12989 58889 43055
59205 -60373 43097 -29567 -29419 -5374 -52631 21755 -24209 52034 29320 6472 4141 -6253 -19579 -9486
-59986 58643 46416 -63 -50918 56500 -29437 48588 -56475 28638 26064 37121 -15115 -40639 -7890 46128
51756 -32792 27219 11131 61839 -53610 2297 -40767 -40555 -13501 -49083 -43282 -62180 -20498 -2831 62738
36123 36792 -62966 56746 10646 34972 -34179 64787 24550 -50845 29237 -36126 -20344 -22024 46519 6823
-16987 52868 10023 32688 27236 -21187 -14848 -24848 -33621 48837 32718 -10690 53746 -9947 -9459 -64337
-63438 -31929 -60301 -58926 28004 -47659 48015 -37795 16916 -43127 -40616 -42656 14358 6941 -8454 -45922
-47966 -46848 -56286 65057 21824 53257 31996 -35289 19854 -1087 -60852 -26412 24616 6412 -22929 -9680
2559 33116 6735 29715 -29969 30183 -14002 55898 -40191 -20116 33028 36057 -52721 13780 -39792 -41650
-11422 -49671 51591 -41679 -8919 46873 64402 -57182 46943 -45304 -8686 773 -8746 -9911 13390 -55696
-24990 18968 50284 -3674 48582 -38797 2667 8741 41626 5748 24938 -13404 12077 -47150 44086 -14895
-29580 50143 20947 -42323 -25434 42161 9001 51262 54036 -52678 7101 4288 50661 -33708 6413 33545
60515 39039 8138 -54414 62326 -30360 -11415 -34779 62546 52217 17117 -59867 -22811 62951 -14345 -18222
9401 57528 32765 16691 -45894 -7498 59856 -24168 14439 -14053 63675 4469 50999 -41025 -50144 -35493
24341 -16811 54570 5606 -23750 53515 26772 -2606 -5903 -23067 -23128 25185 -16673 -36433 -7700 -48380
-42378 -62420 -40850 44846 30668 13796 8812 12436 -35220 56642 23454 46018 -33287 63 -26881 28432
17606 9122 14762 53934 -56269 -26668 -42744 64717 -37874 -4638 59787 27586 45096 43034 63656 18546
-56851 4771 25835 -45768 210 60818 58321 -10949 -10608 -46156 -61004 -12163 -44620 -30034 -10615 -24894
-63296 -62286 -6132 -49545 6368 -30373 59193 10767 -19599 16665 47110 -17063 -19439 -32451 -18155 -57572
28848 -24465 -56808 -35311 -11570 55156 22264 -3627 -46036 -30289 25576 9801 -26207 34453 -34776 2234
35325 -33823 62741 -55571 -61308 40527 -51632 -45033 3555 -35415 56634 11458 -8965 -22187 4220 17735
-38841 -56559 -40197 62735 -42441 -14672 39439 -4822 -23215 -31404 52998 -47070 -50183 -12168 26376 38094
-59195 58520 -44790 35730 51888 53911 53116 -47260 11462 -65053 -29322 -5052 10880 -11341 14914 4828
-46090 38644 -38023 63750 40503 -57790 -35309 -39564 -3855 -51353 35934 -46280 65128 -65308 39358 -37722
-3901 52099 -48011 5969 -48099 18849 43523 -48007 5195 2950 33620 17433 3624 18678 -44066 -688
51092 -58649 -45784 32300 57641 24090 -54276 -29644 50534 52377 61851 -44529 -1059 5381 5999 -1032
50906 22057 -29807 -7747 -55 41609 -21530 -31849 -34261 25862 -10543 48074 -38543 -53387 -847 -39534
35424 58804 15633 -53682 23447 -27638 15117 -26662 62488 -38112 -21727 31977 -60053 -11910 -21583 2915
-63981 63639 13125 -10216 -8080 9950 51443 -38373 -39432 -27002 -56312 49410 -33467 35367 34659 26390
-44777 -33345 -31631 28054 -1519 -6955 -4003 40609 10847 40734 11583 -6872 12961 -28371 -18536 20593
65270 54467 7813 -34724 -4494 -19602 -26885 -13109 -46966 -35712 -4595 -13696 -16848 -224 58962 -25528
-14134 -51930 -2580 -60814 -55195 -54779 -47476 -39509 61343 -43179 29919 -4903 -26890 -60637 -20011 31483
-21149 14676 254 -25522 -5920 30477 -49146 -51802 -34369 -38987 1994 53346 -9312 43689 -53608 47222
-46306 15796 20207 -79 33952 -24818 -33871 19478 26690 24847 23549 -56137 60394 -5230 48581 59328
-62382 -41375 -4079 26854 -6388 -12018 29490 -43406 53344 -18411 55924 47469 44598 -34251 -29032 -57059
64990 -17438 -20808 10614 -12656 60494 41185 -3018 56256 -61157 -37818 40471 -59196 -60223 21050 26563
-42596 62289 -48355 61404 30456 -62502 61352 11259 57792 -14328 -63357 -45815 -8384 58848 -28146 62628
-57789 -259 32485 -16427 -20375 27497 24820 63223 8787 -28438 31260 51295 -11247 -45130 -13067 -1250
61132 -20479 11008 -33151 -57142 33761 34756 -43911 -30767 53208 -39766 55669 65087 -30010 -58608 16091
-3600 -1989 51654 -13610 -53609 788 -8515 -26990 52632 -55935 -22633 -32046 -53443 -34577 56391 -9516
54970 -29219 -41987 5672 -37755 19005 -49491 59363 61010 10798 31214 -36948 30390 -3945 -58158 -48604
51609 -27470 18427 39110 29046 9197 -4453 2485 -22086 282 -8961 -63370 -24001 35366 -8585 50577
14301 -61460 -50331 29994 56029 35906 6028 59925 -38117 16583 56737 3850 -15830 45172 36401 1264
42245 -47231 621 27142 -36018 4148 -41823 -11617 58071 56520 -61031 -15507 44125 -28528 -1764 1119
4520 -47420 -58374 -4930 3232 -58898 -1114 -5555 -35404 43886 -25138 62398 -23186 -65529 -34251 60965
4807 23884 57990 -63870 16627 61106 42387 64978 -59252 -45947 10233 -53156 -998 -63302 45476 20909
-876 -26618 53336 58332 -34943 12392 -59991 29104 -23351 -28890 44862 46926 52537 42188 53807 -40155
-29501 -52384 -8407 12525 54558 13211 47406 -32118 -37696 54058 54920 6647 2836 7420 -53045 59500
