-13116 20333 -61675 -28311 -16709 31518 -65160 42155 -23437 -40007 10417 -24705 -34919 -43285 6231 57498 33224 -15695 -29077 63903 -40273 -39927 43235 -2305 35002
-35562 -9662 -41970 -44875 -5779 39822 -31792 28919 22209 24591 56399 -23967 24223 28531 57435 -883 -24719 30222 -11802 4268 -8347 -3223 13767 -56021 -32293
63342 -28208 -6869 -4433 35806 64748 1256 7183 32298 2811 -30714 -50563 15933 -32316 64335 -1115 -63000 -38774 -40928 -881 62515 26716 -30243 19125 62653
-26836 10549 -53901 -57320 10375 56215 -13808 -5610 -51104 -3449 14898 -58011 -49861 64905 11518 37084 -53874 -6156 60530 48310 6322 5230 -48903 46550 -59870
-16425 12772 -31099 61497 -53688 -6060 19445 -64781 -4702 -34683 54624 6592 38940 -38146 -25186 -47810 5926 50870 -11154 -52317 -31780 -64473 -12109 -10377 32699
56633 -26328 40387 -10652 -65390 -53845 -15865 -7284 -65043 17421 43754 36693 -56568 -34610 -55845 -45728 5785 -10793 -59047 50139 -43135 13526 -5845 -21426 15695
58837 39467 28756 35129 41403 -58231 42171 21054 23549 9461 61857 -63022 47101 51260 2888 -58754 -17073 62627 -4966 2779 -43976 -44851 37482 -22743 -10878
-59559 44821 20440 -45687 -62212 53463 34041 -34013 -30231 -2736 50789 23508 62723 37606 -34228 -62139 42459 15912 -25419 59808 -45397 42288 60415 23829 12287
24070 818 -62870 65461 25881 60193 -39402 -2875 -61735 -39390 31213 17122 -36334 28896 -62292 -3487 -20641 -59570 -62641 -522 -56049 60935 34813 -40857 24381
-4678 12354 -53185 18225 30933 34123 -14675 -35401 -30511 -56220 -7747 51972 20370 59312 57597 38568 49155 39347 -48158 -21905 8488 -50307 -30643 -35013 48586
31616 10172 -15241 -47686 -23109 40062 18729 51660 9783 24668 -32247 -56729 13590 -37912 52111 24712 55941 738 32007 10607 31457 1000 -42543 -19762 -965
48572 8582 -23062 29986 -53030 -12014 -24183 12968 -41279 -40181 -21514 -3039 56807 31914 -21846 -5053 -38246 60123 -25861 -47511 5593 5492 -31340 41917 39546
-19554 -46077 -57222 23709 64528 61768 -56008 -18771 26957 31745 -25027 37926 8953 23196 16912 -62823 -31424 -156 62978 -32280 -54572 -62154 22554 -28333 10361
42835 15061 4997 2624 -4767 -43938 -828 -13146 3906 -46188 35435 -27078 47265 -53768 40495 46840 -57242 -54642 -50610 33994 34182 43602 -46748 33661 -42506
9203 41894 -2133 34719 728 -37263 41832 46799 53568 -56638 -15986 59377 -27204 10227 16900 -18146 -7183 -29084 -20017 -13800 -35675 47284 -61252 -45650 46406
-33006 -59439 -4884 -51386 -54727 -41242 -45816 -22577 31874 21941 -45048 63059 58278 -1509 -26426 45862 -2278 -7326 -38157 33353 18458 21377 31347 50306 38913
18508 13533 43007 51824 -42864 -12635 42430 27917 14103 10137 39413 -20557 -31208 22158 64171 -1662 -62077 -44675 -57142 39769 46817 -34526 42758 39981 -57272
-57137 -44917 57663 24510 7446 -61766 1343 -10411 -19607 64191 7961 35722 55585 48709 51618 7248 -6822 -5947 -46792 -6739 38660 14289 22151 -58756 4424
5274 29720 55390 1664 -57586 56323 19136 -44895 2428 53250 5509 58997 -7180 6206 43438 -44481 63881 -2747 -16350 24906 -14201 60652 42769 24980 -38666
-29550 -39166 -36621 -7475 -49286 23942 -29349 -38491 59790 -421 20483 -9395 -62906 63594 12787 7505 39559 -31515 -10771 24433 -43367 32069 60206 -58519 36467
-27901 -24620 36874 -12476 25779 44872 46442 16974 44433 57608 48803 63511 -32196 32542 57668 -62670 21941 -39214 -41485 14996 64211 50507 35762 50453 26120
-34067 10800 29465 54692 31785 8865 -60330 -38171 54027 -64479 -64564 27081 -9356 6044 -50868 429 565 -32355 58911 12004 63841 54950 9113 -27214 -35956
-5129 -4397 -40031 37008 -56958 26773 12410 -4771 7205 -37276 18430 -114 -4564 36930 -39649 12141 32347 -4182 52699 28242 -28183 51962 -7283 -52848 33986
33000 -2354 20541 -55513 -52047 -8966 -1584 -31683 31512 45331 33346 23803 17859 688 -23077 -50 48892 10663 -52556 6605 63686 58755 -12353 -10256 61414
46657 62510 -43817 -24335 -59057 53548 -19894 -38853 -32537 56255 2360 26786 41448 -33420 2548 56484 -8989 -38303 10957 -47095 7691 26298 29729 -6195 -38112
34169 35177 48065 -34927 -62458 59064 -23082 18493 -61912 8433 10343 16163 -1480 -57318 -65418 -27766 11561 -17837 -12911 29946 25432 -40510 46575 7479 -12221
47505 -3805 38322 -42425 25718 -54287 15767 39866 -48383 -41545 64230 63374 31417 -49308 -23594 -63670 -57928 53393 -27609 45095 -46848 34379 -41771 -8053 -11396
-32236 47444 -3014 16926 -58170 33146 6130 -52701 -25854 30342 -24775 -35745 37799 11825 17919 37845 -20329 63792 52494 -5630 -10025 -15306 -60179 -62261 63883
42301 47851 14045 33346 -48839 47415 -43914 6585 52826 47081 -14120 -18092 29189 10385 -11483 63820 58106 52823 -31728 31193 17707 6266 36771 -1641 -4658
-57038 9459 47660 -43180 -8464 65416 51289 52356 -24861 64165 -16901 -9944 -33950 -6476 39704 -22425 -52401 -46018 -35154 -22804 44409 -59368 63415 -46980 53672
-30915 -5496 24938 -63891 -50756 5360 11402 46229 18533 -56252 6247 49443 368 41683 64159 -40345 17497 -55427 -8231 -35129 -29162 13023 -61919 -305 17331
-42635 -60209 -64330 -31382 45660 -29118 37175 -5448 38792 946 8846 29530 -38996 39181 9777 -25824 7873 -44554 23357 -2697 -33054 2440 62204 30393 -9983
-7509 -9360 -55957 61835 -32223 65198 44108 -6354 -7042 7372 -9694 -62902 3128 -9484 54731 46698 -8482 54905 -40177 -14687 -49600 7695 -17471 59652 -62086
-38367 -13827 -43318 -15709 64153 -23595 60435 -32684 56523 -13326 9712 47440 22182 -50251 36269 58489 55227 -14384 20122 -33996 -8091 18626 31847 -33130 49311
54989 48299 -54054 -10394 54299 28126 -62234 6708 -5070 39783 41017 -18817 -31397 53475 -49271 1641 35012 35215 6297 -40828 37439 -6694 -32136 52302 -33203
44093 50644 -56650 -18403 49704 -25403 19850 -60745 -31710 -59053 24471 55395 -39772 30262 -61314 -8632 -25792 -56973 49835 -20973 -40011 3885 29569 49774 29524
-12643 -33316 -31977 -54326 34423 -16990 45073 37952 33045 48306 -36513 7195 -57299 13368 31889 -50320 60157 47439 -36046 -19485 54267 36639 -58133 23440 -3814
-25607 -37198 1479 -36230 -31007 -32180 886 11234 -44549 8972 -4812 -52747 48381 28721 54526 61474 22144 814 60130 43992 -37746 26560 -45492 58308 -24890
-3571 56527 -58175 -13366 -30839 -19051 -58079 43707 49777 19634 60718 28901 40294 -40499 -33472 -34128 -31263 16588 60574 -44837 64561 -23351 6054 -50885 52643
-30754 -45485 -34047 8670 26260 -21633 -61559 2117 -51055 41650 -11173 -36783 -59591 46138 -4613 48317 -17738 2633 9180 -36288 34560 22307 23947 -53530 -48481
-8504 7583 30435 2870 43431 -9491 59716 14981 -61878 -58021 -52643 27953 -37033 44459 37851 9192 -19882 -49718 -4654 -27071 -51020 -43407 -15984 53426 -36452
54839 -33756 -57798 55941 -18909 -26946 43098 17962 -21543 -60329 -14991 -20650 55197 -55843 45435 23348 29104 49770 -24013 -35000 58479 64423 -48509 1936 29978
-53286 -33810 59157 23811 -23092 40997 -62500 1906 12898 200 -18077 -54303 26201 -38728 12895 44429 52877 47204 -4695 -8102 11311 -27380 -61541 7525 53653
-51560 -53256 22207 7910 -21236 -65344 21071 28546 33407 57397 -38895 -25588 -19221 3133 -853 -4407 49016 45616 19599 48868 64401 39914 29902 -64645 -63973
-45062 52514 -24830 44512 62917 -44319 12416 -55951 1497 26561 38073 -53115 -2525 2368 32111 -30749 -49480 62874 -10076 -1419 -10683 -12980 -50403 -48624 65272
18076 52347 23637 -40370 20778 20197 -8275 -24982 24444 61766 -2018 -18362 -62279 32520 -35531 -11586 -36402 -32171 -11508 -51406 -33274 -2301 27804 -44082 -24687
-50152 4556 -39898 -41718 56570 32996 44043 5805 -29084 65515 -46120 33306 -48721 18354 -47879 -46353 23509 -39032 15418 -25450 15613 -56069 -61801 -30477 17200
-35110 -11226 -54380 7291 32590 -17676 6668 -20192 1024 -20614 -25623 -65026 -62713 -15396 48205 -64846 18192 -61327 -55467 3414 -46432 -58643 -5476 23068 -8123
-61249 49322 34122 -30144 50540 -34124 -52445 28395 49194 -3228 13631 -57699 -47573 -35532 -27189 -1610 26450 52573 -60029 51047 59770 18990 59829 1970 57718
21739 60450 -20271 -63475 55218 -24423 13647 -36426 -29855 53317 -1205 -49655 622 21954 3084 18956 -957 30350 -12449 -58260 17753 31187 20949 36314 -51308
-59730 -17340 -30601 45289 2109 29108 -55759 -35715 46915 34163 19019 19713 -38650 26812 -24611 -44250 -58120 10756 -26136 8130 15034 -47516 -14645 5452 -25548
61615 32718 19352 19900 -51461 -59259 -37136 9082 -26270 5707 38895 51623 20709 36836 56196 27024 -64322 -10756 -26062 -38551 6237 -19356 51060 -15872 -42387
52238 -52450 -1669 -38759 51255 62767 -39899 12429 -46391 -13258 8689 -35872 -332 -30204 -25279 41230 -17451 16696 60634 -46959 -10783 10226 -8388 26966 34669
-63289 20171 12492 -57423 41284 21183 -46431 28028 -23432 56912 -23307 -43980 48812 36873 -6228 -34037 -62948 6101 -32521 -10243 3338 13074 21162 32181 65400
-17750 48186 -53977 -58250 50430 -35214 16213 -3774 -53850 52709 64331 17575 1761 17603 -45350 -46435 -59604 -53292 4903 11142 35935 -6208 -49507 -25848 12734
59426 -61955 -44456 53532 9638 -19368 -21246 -980 -47581 17731 50134 17023 -12376 13445 55798 -32012 64624 2568 -1588 -34792 50430 55181 -7134 34629 -11288
45848 -32662 -10211 -46637 -31167 -23740 -37590 -14070 59154 -27518 10312 -22761 -45804 50380 -2990 -50417 -36124 46168 -61799 54157 19029 39574 33664 -44118 54180
-12661 -57489 21463 4215 15869 -6492 -36706 -2153 2667 -35305 -64292 6031 -22834 50642 14972 -23257 -52283 -42226 34785 -23817 60337 39503 40094 -38974 33290
-61604 35603 60916 59341 -50455 18886 -5911 11619 62624 -62159 -50705 4774 -31137 21554 6945 14752 49442 16353 48376 -7060 4312 58298 27938 35288 46091
39193 -37787 -32906 -19512 -53048 -21824 -17511 60718 6943 -49624 -48044 57986 29886 4679 -7337 27505 42813 -5886 29563 16581 -8861 -40112 -28346 63868 14583
-61327 26772 -41624 29093 -61283 694 62342 -39742 -33775 2991 -19857 -41954 26066 32125 -36092 -62794 54936 60703 50890 -54663 -53059 -23546 40703 7265 -49969
-17191 15664 61942 -64534 -23304 58523 -38388 38036 24725 3186 -3961 -42288 17178 -7975 60169 -49956 -11046 58354 -39510 -37924 -31545 -43274 -60538 63355 59553
20071 65025 -48501 11368 -61165 -4244 -33137 -16620 50574 -5218 -22838 30182 58326 -685 -24024 57685 51798 50259 35233 -13121 -60871 -29404 64552 -1604 -37802
-62574 9023 62338 22647 62818 16348 -39409 -20731 -22692 35732 33402 33396 45995 -40177 -1007 -7581 -52151 19315 61916 -34834 50848 17391 37094 -4239 30398
-3977 -50605 5976 -47447 47125 -31534 -48429 -10023 -30810 49434 -5095 2349 7247 -48138 13690 33702 46756 -28198 3877 50485 19889 -63265 -18134 -55861 -26546
-52211 11704 -11825 20955 30589 16695 31595 -27858 -10506 -30122 -64761 -16741 31525 15751 12387 -59414 49622 -34792 27970 -45640 28080 1828 21652 27888 -1938
20711 31178 -11971 32343 58177 -33139 -40859 60661 -34131 -60734 -5862 11974 61901 -60885 31215 -594 -31306 -33214 61778 -27960 14800 -40028 50878 -9060 8544
42456 -31928 -1802 -20994 -9499 -24846 -33473 30648 -57023 -51284 -25944 -36322 -24748 19182 7846 27299 28182 53976 45765 -47521 -57031 19184 41526 47673 34805
10161 -49160 -1349 -41673 -55266 -43248 -61590 36413 -29274 27179 -19731 7146 -5329 48853 -26981 27834 -62714 -59645 -46853 38193 -57688 35241 9646 40843 -19503
-23729 -20816 50480 -46534 48999 61791 -9991 14996 -39821 -9609 -47710 10958 -27491 57350 37791 -33596 -26203 -42144 -12394 -60228 -11263 5901 53102 54306 -41467
-8070 -42613 -38784 -31444 53436 35059 3510 -5987 3088 41018 -52581 34504 -40571 -48612 -52397 7891 -62696 -42269 -29267 -42736 -26784 38870 6897 15787 -55433
38259 1620 59624 42247 -55525 -43554 -24084 -32987 -26701 47321 -11973 -41169 50690 -47563 48247 16799 48863 1332 -45375 -61352 -65065 -15074 37749 -22834 10982
-58977 6315 63099 -3673 -57127 49189 62337 35305 -22197 20790 -42267 -215 41815 17697 -61587 54974 -15399 -34989 -31610 30357 -35416 49270 -24510 32678 30173
-11829 39852 62980 -34838 8178 49764 -62761 39294 38794 -43453 -57997 -50469 -23278 -22273 46599 -62161 -22702 -56019 -17956 -41512 -16512 41494 8016 -52136 42833
-56775 -10029 -4678 14203 -61046 -37651 -18263 27353 -13290 -33000 -29078 -12281 -16425 -41923 -9788 -14437 -44010 48203 -63608 10021 -61609 2549 -39605 -28758 -65222
65124 -29692 -31483 -38098 -25244 10934 -53437 9402 -30559 -48325 3269 -55577 -41249 -54874 14640 -4869 -44852 -29138 -35488 15436 41995 47978 -61887 -44098 -9119
60079 21367 -35687 -55296 40030 -61294 -46043 3332 38337 37977 -49393 23472 -42435 -39057 22678 4989 63672 2903 -4695 65171 -15908 423 -55384 31439 41507
-52951 -23715 -25982 -55101 7256 -22113 -9726 -55803 41473 14155 11432 -32846 -24423 -5755 52565 58935 21072 26835 -10728 -13363 53026 -42322 61474 47543 -40082
-36365 33757 -50957 14974 29371 -46218 -43807 61416 -48816 -29363 -51600 -57040 45832 -47027 -35621 -50116 56927 -41772 47281 29742 -49889 -19122 -13652 -12812 -16306
59460 62187 36095 14256 33379 63859 -31089 -20077 -64477 12785 57682 5536 -9471 -54557 -56306 -64874 -27591 -60821 8575 11664 -24165 -49647 65186 -46127 21909
44601 -748 22890 -44056 32040 31055 64200 49835 12120 8146 -56471 64784 55310 864 49162 -53880 -23998 -34841 3786 -60587 -31770 -2189 8790 42922 -27400
65047 17335 36470 54982 7116 241 -21115 56677 54861 41622 -11379 -45421 47114 25839 63626 -41737 57989 4472 -14917 61124 -62895 25856 30297 -35604 11483
-19881 -15736 51047 -54569 60701 -22649 53319 29028 20205 29305 -40964 -12585 -55324 28835 -32064 -18588 -16989 -3326 -48301 22371 41459 -44731 39540 57600 -35907
-60866 -26318 -59861 -37810 8292 -54087 36248 -53979 29051 53755 4656 14957 3153 -55286 -27154 -32000 31365 -33564 61904 3646 -938 8139 -29456 -53434 29619
-22234 -45237 32889 -4813 64850 58784 29064 -56336 -63353 58071 -49562 -9872 -32520 8324 -42110 -57433 57873 29119 -35981 -32692 -4482 -18086 -3531 1211 12853
13782 -53623 -54131 31514 -29725 54717 -25446 -25148 -17941 57670 -51604 17645 57654 -51985 -38104 -42477 -25235 -34619 -31802 7890 -2718 60741 -20410 -18603 39571
23064 48084 -64227 -46711 -53010 -23685 25244 1049 -63950 -29786 25390 58725 -48402 21563 35146 -60559 13361 12647 -34881 33856 -34783 -17545 22378 -32438 -58349
9854 8480 55235 34511 13482 18556 -33024 -25868 45152 30998 -21292 63153 55989 4696 -23029 11012 -63284 21273 -18838 -63174 -28105 -8465 -21607 -8622 -17772
38622 46926 -32256 -24227 61948 -15985 -55927 -19760 -2915 -51418 8087 -53788 1167 39710 -19398 -60380 2686 25098 55059 5653 -46721 25436 -38235 36075 48670
-9545 40100 -8686 -1455 -16954 -41164 2135 -23956 -3526 55057 -25964 33022 42598 461 49578 64303 -37505 -25199 -51927 -62388 -1559 -25128 -45498 25949 31203
43042 -16907 32588 -14210 -30668 -48737 4001 -38234 44595 -49118 -19971 -48916 13199 -49773 61356 4534 -1052 -26462 -36266 -37486 5496 28563 -29510 -13621 9992
36402 14715 6708 60356 6668 -61685 -30696 -53283 57550 -25595 -10063 -62899 -53646 3077 -47250 -30515 64858 38656 -41361 63108 -39372 52870 21581 -7639 35216
10313 -65062 7515 33329 -64636 23397 11728 -26666 16612 11755 -9576 63360 -41403 28204 -62198 -25290 -43084 24258 48090 3417 -22083 53348 -58888 -6806 13695
62916 35406 -22144 -56865 3413 -32494 -29245 -20369 60620 -17663 -8528 -20703 -11383 12826 -22390 61188 -22910 34852 64075 -65277 51831 33474 -15555 -49646 -2010
32738 32877 -12520 42910 -8225 53731 -2330 -43457 -50793 -22113 -775 -766 24236 -33558 42446 -42858 -3823 12518 45345 55056 63360 31946 -59798 -58792 -28351
-52178 -45493 -48978 52141 2150 5177 -21127 -45188 -16158 5372 22662 26914 49764 -27669 18076 -38760 55154 23741 59061 -41767 -47618 58861 35822 -4788 12232
-20034 -5258 -42057 -43234 16066 842 12399 18498 61284 5749 28940 -7646 11232 3708 -15716 -15834 31975 -7696 9413 -15391 39461 -22135 15441 37131 -63776
49702 -55869 -4564 7568 59828 -10497 -21245 18660 33326 27668 15922 -36291 13175 29269 15467 -49560 -35477 56120 -8361 20485 20890 -17910 -51011 55985 17339
63582 -58292 17146 -18412 -14485 -50925 44855 41357 -31804 -3011 57880 48276 24617 4204 24372 53161 27240 -13889 -7682 47043 15551 35359 58644 36776 -54840
57687 59636 3127 -52209 38040 -57691 -20911 65098 -33288 -44573 14338 27851 26466 57325 64936 -54410 106 -8561 -18585 -53576 -6981 -10679 -48263 61715 -61759
